0.3656772592592592
0.1954239761904762
-0.03262190476190476
0.18340051282051278
0.367506173160173
0.19513818348994
-0.032380000000000006
0.07703139618835271
0.0021965809523809524
0.20088396190476188
-0.58928
-0.6482999999999999
-0.3878399999999999
0.16086787878787878
-0.3681199999999999
0.1954593699633699
0.43574877037037024
0.3865249999999999
0.32815487619047606
0.5916583999999998
0.5759621037037036
0.6061545904761906
0.7587343999999999
0.7999349411764706
0.8142949411764707
0.7191395652173916
0.8623095757575757
0.4166993333333331
0.41951230769230763
0.37447193203093193
0.13583923076923074
0.5316796078431372
0.49378999999999995
0.5107239999999998
0.5108199999999998
0.3564013650793651
0.7133400000000001
0.3834339761904762
0.43761699112978525
0.5115446666666666
0.5690831904761903
0.870260479876161
0.6846391207729468
0.32608666666666664
0.3151333333333333
-0.0005809523809523914
0.2704004468864468
0.4465896121212123
0.4991321904761905
0.3802686666666667
0.08902000000000003
0.020420000000000008
-0.19037999999999988
0.3403939740259741
-0.04196
0.24220717948717954
0.2378178141737892
0.135745
0.6785166666666668
0.7535627474120083
0.6240400000000002
-0.04628761904761905
-0.0005207692307692365
-0.047021904761904765
0.18123978266178262
-0.18599999999999997
-0.07364
-0.29128
-0.48366
-0.3744800000000001
-0.058115
-0.29112
-0.0845326086956522
-0.03269260869565216
0.45632318512859693
-0.20015999999999987
0.11411213650793649
0.5980512196100574
0.6524776604554867
0.5610395652173912
0.5834054652173915
0.6602123429951692
0.6914500828644502
0.3191837142857143
0.6490141379310345
0.7942404210526316
0.9278132781954886
0.9504343301435404
0.8642949999999998
0.9461909090909092
0.9587829090909087
0.809715
0.7682328985507246
0.8535595652173914
0.09388666666666666
0.20820348214285708
0.5254294509803921
0.5329000414565828
0.6401376318840579
0.6155375904761903
0.7018095652173914
0.7431766666666667
0.7902751207729469
0.6047505904761905
0.6796883333333332
0.7054013196033564
0.9453684210526315
0.9189784210526315
1.0109934210526317
0.910988
0.7676919999999998
0.7220562318840578
1.060225722222222
-0.18138
-0.5855
-0.4972599999999999
-0.40501999999999994
-0.3303799999999999
-0.1354819047619048
0.13755256043956046
0.2130998095238095
-0.08394000000000004
-0.2845999999999999
0.20902381352657
0.14941547838827837
0.1680297341614907
0.341455935483871
0.5759198795518207
0.7343196666666665
0.4617253333333335
0.8405000000000001
1.0397666666666665
1.0355300877192979
1.0540990877192977
1.0474506666666665
1.02736
0.8418040000000001
0.6805794712643681
1.153970909090909
0.7354559999999999
0.83722
-0.9446200000000001
-1.38434
0.33862285714285717
0.8166784210526314
-1.44024
0.6918866666666669
0.34006499999999995
0.7673177142857144
-2.34008
-2.31888
-1.4084800000000002
-1.0645200000000004
-1.79488
-1.7671199999999994
-2.4726200000000005
-1.8343600000000007
-1.5462200000000004
-1.4081400000000002
-2.3830800000000005
-2.8039799999999997
-1.5741999999999996
-0.7187816666666664
-0.0001399999999999979
-0.20619500000000004
0.17929458333333326
0.5954670588235295
0.44355999999999995
0.819
0.8581749999999999
0.9626133333333334
0.73359
0.5112350476190476
0.9765600000000002
1.2179626666666667
0.9742818181818181
0.8891155555555557
1.111821
0.6126466666666665
1.013736
0.7897802745098041
1.001469992481203
1.0457444210526317
-0.11041999999999998
0.6321599999999998
0.7133828571428573
0.7964011904761905
0.11914666666666665
0.5696991428571427
0.5753667142857144
0.6520348571428569
0.8607270588235296
0.7232589411764707
0.4398189743589744
0.6373545454545454
0.1631645925925926
0.03467384615384616
0.3616707891737891
-0.9097200000000001
0.06359259259259259
-0.3603200000000001
0.20307408683473388
0.20407666666666668
-0.50092
-0.39864000000000005
-0.012536953846153866
-0.29324000000000006
-0.1288
-0.42169999999999985
-0.9201399999999998
-2.2929200000000005
-1.06862
-0.1374927272727273
0.05461892307692306
-0.14123000000000002
0.16602645274725275
0.30150250000000006
0.3602525000000001
0.4080599999999999
0.37199
0.6165600000000001
0.8421375589836662
-0.3891800000000001
-2.3711599999999997
-0.58764
0.48998
0.3292399999999999
0.7512370869565217
0.34834000000000004
-8.761904761906414e-05
-0.11184000000000001
-1.2404600000000001
-1.92204
-1.6713799999999999
-0.8119000000000004
-0.6959599999999999
-0.9045200000000004
0.12112538095238098
0.10955438095238096
0.19571755555555556
0.36163999999999996
0.3756059354838711
-0.6173999999999998
-2.11982
-2.2346999999999992
-1.1620599999999999
-0.9519600000000001
-0.34222
-0.7755800000000002
-0.35992799999999997
0.4949000000000001
0.7324870588235293
0.14029166666666668
0.2588097354497354
-1.0335400000000001
0.058646438746438746
0.29042
0.55098
-0.4262399999999999
0.21859802197802197
0.33916
0.46872571428571436
0.6496999999999999
0.20688000000000006
-0.08736
0.8971999999999997
1.057760432900433
0.5566499999999999
0.41274666666666654
-0.20258740740740744
0.39292000000000016
0.031946666666666665
0.1277592592592593
0.033859259259259256
-0.18746000000000002
-0.56608
0.011427592592592588
-0.4445999999999999
-0.7724599999999999
-1.0249200000000003
-0.3676
-0.90158
-0.8585
-1.1398
-0.6754000000000003
-1.0817399999999997
-0.5721400000000001
-0.05598074074074075
0.036293333333333344
-1.1703999999999999
-0.55492
-0.49965999999999994
0.11361199999999996
0.56222
0.07679425925925927
0.2870878431372549
0.3134666666666666
0.7578057142857142
0.8831990000000001
0.7998735714285716
0.4264749999999999
0.6974896078431372
0.13743384615384618
-0.8108200000000002
-1.5521399999999994
-2.3378200000000002
-1.09952
-2.5678199999999998
-0.4130800000000001
-2.5881
-1.6583199999999996
-0.5950200000000001
-0.8186399999999998
-0.2657399999999999
0.27051
0.23305000000000003
0.39008
0.4684299999999999
0.6856157142857144
0.30463150000000006
0.24111999999999995
0.30822333333333324
0.7265931652661064
0.7571757142857142
0.9788799999999998
0.5077999999999997
-2.4178200000000007
-0.42572000000000026
0.21413999999999997
-2.6316200000000003
-0.23269999999999996
0.06771999999999999
0.19668499999999994
0.031799999999999995
-0.27849999999999997
-0.3137399999999999
0.07180555555555554
0.3269811354838709
0.3594995491202346
0.20050889899665553
0.1794496761904762
0.2373447058823529
0.5680057142857144
0.7484355080091533
0.4480545000000001
0.6417474285714287
0.7379744210526316
0.3015865833333333
0.6277385620915035
0.34120658333333337
0.2880192592592592
-0.026361153846153833
0.29514
0.6542060869565216
-0.8099399999999999
-0.4168399999999999
0.12858
-0.46575999999999995
-0.19375999999999993
0.8843
0.9186364202898551
-0.42647999999999997
0.16224000000000005
0.6452900000000001
0.18827714285714287
0.7895127536231883
0.6800512807881773
0.4196161904761905
0.03911259259259259
0.7686800000000001
1.37948
0.2917459259259259
0.4542590476190477
0.7525641379310346
0.7701841379310346
0.8846667669172933
0.7870298412698412
1.0953527272727273
0.6845588888888888
0.036
-0.33464
0.38994899999999993
0.5524624370512691
0.7656908045977012
0.7257291379310344
0.3278648148148149
0.5946974712643679
0.85982
0.6649000000000003
0.7417241379310346
0.7159400000000001
0.3952425925925926
0.49987142857142863
0.4429666666666667
0.737407380952381
-0.22938000000000003
0.36455829912023463
0.72323
0.6907090281329925
0.511633935483871
0.03248640211640211
-0.9162685714285717
-0.2938799999999999
0.3048513860333215
0.661185
-0.14992
0.1047239619047619
-0.16943666666666668
-0.2751799999999999
-1.7841000000000002
-1.3487799999999999
-0.5611799999999998
-0.04396782051282051
0.21106999999999992
0.011376666666666677
-0.5332200000000001
-0.3741199999999999
-0.14633999999999997
-0.4853200000000002
-1.7431
-0.4220799999999999
0.21598264102564113
0.08388833333333333
-1.3941400000000002
-1.10062
-1.4332199999999995
-1.0617200000000002
-0.8316199999999999
-0.90046
-1.47164
-1.77276
-2.473259999999999
-1.7345799999999998
-0.8807199999999996
-0.3645199999999999
-0.19348
-0.42302000000000006
-0.39028000000000007
-1.0996999999999995
-0.6400199999999999
0.082704
-0.78696
-0.81584
-0.08704928571428573
0.11288000000000001
0.5799651652661064
0.3621800000000001
-0.5791999999999998
0.01123999999999998
0.4165386764705883
0.6473733333333332
0.8250333333333333
0.9624399999999999
0.71274
0.826726666666667
0.7368400000000002
0.38529000000000013
0.6057199999999999
0.2671805454545454
0.2509581904761904
-0.9012399999999997
-1.6381800000000002
-1.2695600000000002
-1.24284
-1.6989399999999992
-0.9352600000000001
-0.17056000000000002
-0.8417399999999999
-0.69464
-0.6681
-0.66842
-2.32448
-1.4134199999999995
-0.6787000000000001
-0.21594000000000005
-0.247125
-1.5475399999999997
-1.2160399999999996
-1.0948399999999998
-2.1183600000000005
-2.20134
-1.4868199999999996
-2.1350200000000004
-2.3848
-1.19684
0.050504
0.23608673333333333
0.050450595238095246
-0.22127999999999998
0.2592095064935064
-0.22089999999999996
0.09064078431372549
0.5530350000000002
0.4507559999999999
0.37318840000000003
0.5834281904761903
0.3639199999999999
0.4728549581529581
0.4570802222222223
0.4349533333333334
0.49176000000000003
0.30078000000000005
-1.6993399999999996
-0.8337800000000002
-0.5034999999999998
0.038020000000000005
0.12874000000000005
-0.9403800000000002
-0.45873499999999995
0.37823333333333325
-0.26411999999999997
0.5875668571428572
0.6809440000000001
-0.32087999999999994
0.5442800000000001
0.6364155555555555
0.8834199999999999
1.0161260000000003
1.0692400000000004
0.8303282828282827
0.7096066666666665
0.8104879365079366
0.3404973333333332
-0.37709999999999994
-1.6751400000000003
-1.0203
0.2640799999999999
0.5739499999999998
-1.5374800000000002
-0.8388199999999998
-0.5038000000000001
0.15150000000000002
0.3516469841269842
0.2984933333333333
-1.6855999999999998
-2.39842
-0.45986
-1.63452
-1.0893800000000002
-1.74554
-2.6307199999999993
-1.03328
-0.5357399999999999
-0.8432600000000003
-0.26375999999999994
0.2871866666666667
0.31964
-0.20445999999999995
0.24956666666666663
0.584476
-1.6219400000000002
-0.53946
-0.07769999999999999
-0.4035799999999999
-0.5884999999999999
-2.3070600000000003
-2.4412599999999998
-1.9953400000000006
-0.8552400000000001
-0.68186
-0.24038000000000007
-0.3674399999999999
-2.2998000000000003
-1.5042799999999996
-0.28766000000000014
-0.11823999999999998
0.04881384615384615
0.262860625
-0.15010000000000004
-1.0498200000000002
-0.8234000000000001
0.3017999999999999
0.3573953333333334
0.18058
0.27954
-0.37806000000000006
0.1457625
-0.03204
-0.04379298245614033
-0.15522000000000002
-0.6146
-1.7657600000000004
-2.10018
-2.41762
-2.4756
-1.40674
-0.5819999999999999
-1.7168199999999998
-2.045
-1.44012
-1.9621999999999997
-2.05814
-1.9565000000000001
-2.0615799999999997
-1.8621600000000003
-0.08402000000000001
-1.0564799999999999
-0.35022
-0.22429999999999997
-0.8821599999999996
0.22679925925925937
-0.057162500000000005
0.40458
0.8134379999999999
0.8903364210526314
0.38892666666666664
-0.04118
-1.2112200000000002
-0.30900666666666665
0.003298000000000001
0.2345931428571429
0.09315000000000001
-0.33504000000000006
-1.29896
-2.0697199999999993
-0.9151400000000001
-1.2063000000000001
-1.1428600000000002
-1.0750000000000002
-1.7195999999999996
-2.47052
-2.6908599999999994
-1.3926799999999997
-0.8586799999999998
-0.8713399999999997
-1.8097
-1.3044800000000003
-1.9165200000000004
-1.6281800000000002
-1.8798200000000003
-1.0320599999999998
-1.2018999999999995
-1.2512199999999993
-1.2967600000000001
-1.7863800000000003
-0.5680999999999998
-0.1954266666666666
0.38999969696969683
0.40391999999999995
0.3717623039215686
0.38631897058823533
0.38942439439775917
0.19650866881720433
0.3942600000000001
-0.5728599999999999
-2.78332
-1.2466600000000003
-0.5324599999999999
-1.12534
-0.9377
-0.8392800000000001
-0.37660000000000005
-0.9712400000000002
-1.1850199999999997
-1.1493999999999998
-1.8490000000000004
-2.7275799999999992
-2.648259999999999
-1.8294400000000002
-1.0866799999999999
-0.59278
0.12005999999999999
-0.11996000000000001
0.24156405797101446
0.3339366666666666
-0.611435
0.086
-0.13743333333333335
0.414165
0.10295647435897436
0.50626
0.03908416666666664
0.4018966666666667
0.5898311111111111
0.0284757142857143
0.2505267525252525
0.38815011111111114
0.4700500000000001
-0.495615
0.03889238095238095
0.22131364102564105
0.40389687992831536
0.3774990021505377
0.6032762318840579
0.21641
-0.17582
-0.4344200000000002
-0.3772399999999999
-0.4308399999999999
-0.18122
0.31903125000000004
0.4580309
-0.31106
-0.5843200000000001
-2.2961399999999994
-0.05525999999999999
-0.32489999999999986
0.20548
0.06120000000000002
0.10562500000000004
-0.645968
-0.6761199999999999
-0.8636
-0.051042
-0.42212000000000005
-0.02681333333333334
0.25495619841269845
0.4795305555555555
0.3384545666666666
0.31307868131868133
0.4500999999999999
0.23734000000000002
0.3017917361111111
0.03390000000000001
0.2911000000000001
0.38491299999999995
0.4558549999999999
0.26154632034632036
-0.2845799999999999
0.19224091403162052
0.3520925945336446
0.24461933598663624
0.15388051282051282
0.02169545787545787
0.3487734967320263
-0.13422799999999996
0.09719384615384616
0.18512868151561693
0.14104284444444443
-0.9268
-0.21529536953242837
-0.38800000000000007
-0.05323200000000003
0.032293846153846166
-0.029345000000000003
0.1008571794871795
0.03245706043956045
-0.10168749999999999
-0.5005999999999999
-0.58246
-0.33560666666666655
-1.2352399999999997
-0.09978
0.41338238095238095
0.2421862371615313
-0.19949999999999998
-0.45709999999999995
-1.0658599999999998
-0.43472000000000016
-0.07215999999999999
0.23924999999999993
-0.07962015384615383
0.0343464761904762
-0.42075999999999986
-2.4388199999999993
-1.6776599999999997
-0.7049199999999999
0.14476573544973548
0.10969675925925924
0.27873555555555557
0.16126517948717947
-0.1284974358974359
-0.17651999999999998
0.05563384615384615
0.11375829059829058
0.04098951037851039
-0.6017400000000002
-1.15656
-0.3746799999999999
-0.37966
0.09365384615384614
0.06490000000000001
-0.38500000000000006
-0.18512
-0.30510000000000004
-2.08578
-2.5730999999999993
-1.46746
-0.1711
-0.053592857142857116
-0.41211576923076926
0.2428795947712418
0.2881153333333334
0.46047113165266096
0.1320205128205128
-0.5574200000000001
-0.5784600000000001
-0.3564066666666668
-0.9232799999999997
-2.42706
-1.1354200000000003
-1.02528
-1.0476800000000002
-1.8401000000000003
-2.5059799999999997
-2.1127000000000002
-2.46428
-2.5346599999999997
-1.3301799999999997
-0.15648
0.06650888888888887
0.02351384615384617
0.2812588888888888
0.2247605128205128
0.10057571428571425
-0.66822
-0.76736
-0.20282
-0.17068000000000003
-0.47125999999999985
-1.4021199999999998
-1.0868600000000002
-0.14679999999999999
0.18197191666666668
0.3999099999999999
0.5158496078431372
0.27218837469955726
0.6514329411764704
0.6876110476190475
0.9103056666666665
0.7474399999999999
0.3972793333333334
0.6594946031746031
0.66723326984127
0.8660683333333336
0.08267384615384614
0.2858198787878788
0.3762874592933947
0.46451885714285707
0.4298579354838709
0.3391747926267281
0.26355
0.34200856302521015
0.322321935483871
0.16653384615384617
0.3415564809384164
-0.11825999999999995
0.13544000000000006
0.13626000000000002
-0.015573772893772892
0.3215012688172043
0.5220471428571429
0.5192427809523811
-0.023099999999999996
-0.31919999999999993
-0.05839999999999997
-0.6766
-2.1858
-2.551819999999999
-1.19646
-1.4545400000000002
-2.41418
-2.686219999999999
-0.92356
-0.1965200000000001
-0.15828043956043955
0.13761576923076924
0.2705105555555555
0.149075
0.16525999999999993
-0.9072
-0.8740600000000002
-0.09346000000000002
-0.11259999999999996
-0.2881000000000001
-0.1124666666666666
-0.56104
-0.03538249999999999
0.006817500000000005
-0.8271399999999999
-2.12768
-1.0014
0.30782
0.05182666666666666
0.20017999999999997
0.38892000000000004
0.5677266666666668
0.31632
-1.18102
-0.48362800000000006
0.0012799999999999867
-1.46072
-0.28192333333333336
0.14702
-0.036840000000000005
0.1893531428571429
0.20814592592592596
0.18452647619047624
0.3083108888888889
0.2906133333333334
0.1600090687830688
0.16654000000000002
0.3074466666666667
0.15022
0.12837314285714288
-0.21097999999999995
0.2243131428571429
0.2508966666666666
-1.5789799999999994
-2.4648600000000003
-2.53726
-0.94156
-1.3165599999999997
-0.13623999999999997
-0.29408000000000006
0.11814
0.07264
0.14940000000000006
-0.16557999999999995
0.22190980952380954
0.21912266666666663
0.17678000000000005
-0.9528199999999997
-0.3793400000000002
-0.27944
-1.13902
-1.89348
-0.7440199999999999
-0.13233500000000004
-0.69814
-0.5342000000000001
-1.8548800000000008
-2.36064
-1.19338
-0.42091999999999985
-0.39096000000000003
-0.19621999999999995
-0.49851999999999996
-0.43971999999999994
-0.3265199999999999
-0.04232
0.04119000000000002
0.012740000000000005
-1.10494
-0.37724000000000013
0.117995
0.07455368421052633
0.26462571428571424
-0.2565600000000001
-0.3385799999999999
-0.43326
-0.5769799999999998
-0.52268
-0.49078000000000005
-0.37925999999999993
-0.6125400000000001
-0.13147407407407402
-0.10546000000000005
0.3326483333333334
0.779681642512077
0.7439155555555556
0.7377860869565218
0.659826086956522
0.7835095652173912
0.4085495652173914
0.08859
0.05724038095238097
0.2561399999999999
-0.4293600000000001
0.21086000000000002
0.04535552380952381
0.24012283982683982
0.40672608695652174
0.5784060869565218
-1.3160799999999997
-1.66736
0.16457999999999998
-1.0042
-1.2625199999999999
-0.6125999999999999
-0.9972599999999997
-0.7928399999999998
-0.22898000000000007
-0.17224
-0.25353999999999993
-0.3882599999999999
-0.8349999999999999
-0.5933000000000002
-1.7076999999999998
-2.5044599999999986
-1.5926000000000002
-0.14648907407407408
0.17538080555555557
0.1373266666666667
0.29464533333333337
0.37087200000000003
0.49645942028985496
0.5542195652173911
-0.11074249999999994
-1.4262199999999998
-0.13509200000000002
0.37562000000000006
0.25314666666666674
0.1584266666666667
-0.7165600000000001
-0.18911999999999995
-0.10600666666666665
0.168172
0.46057071428571433
0.08792599999999996
0.5399033333333333
0.374926
0.20320664021164028
-0.20151999999999998
-0.3709200000000001
-0.49546
-0.5241200000000003
-0.25432000000000005
-0.00028000000000002133
0.2864599999999999
0.08384784615384616
0.45349999999999996
0.6118800000000001
0.9939527272727271
0.7311666666666667
0.8654927272727274
0.94966
-0.48419999999999996
0.49805583333333325
0.44926266666666664
0.5349160000000001
0.1857
0.11018800000000001
0.21021666666666664
0.13725314285714288
-0.21252
-0.33646
-0.09814533333333333
-2.39072
-1.6863999999999997
-0.3913199999999999
-0.39338
0.19113999999999995
0.39297
0.4865124223602485
-0.8792
-2.537979999999999
-0.8430599999999999
-1.5746200000000001
-1.6675199999999994
-0.4271266666666667
0.17217999999999992
0.3994596969696969
0.18224
0.05358666666666668
-0.6509800000000001
-0.26087333333333335
0.20116399999999998
0.1419466666666667
0.06100878431372548
0.40493599999999996
0.6846639999999999
0.2657557678571429
-0.20503999999999997
0.11345047619047616
-1.17546
0.02110000000000001
0.26364888888888893
-0.23513999999999996
-0.60928
0.37308
0.35536
0.21373999999999999
-0.6639200000000001
-1.20326
0.3986580000000001
0.7452000000000002
-0.5266600000000001
-0.4924
0.11094666666666671
0.428838
0.6626641176470587
0.36806000000000005
-0.6748880000000002
-0.27532
-0.13011333333333333
-0.26315999999999995
-1.6623
-0.29838
-0.3917400000000001
0.18193314285714282
0.027555163800904964
-0.5357400000000001
-0.8246799999999999
-0.24033999999999994
0.39518000000000003
0.28642
0.2546999999999999
0.7254479999999998
1.08646
-0.29181999999999997
0.30686
-0.4776799999999999
0.09961999999999999
-0.36419999999999997
0.65624
0.3554999999999999
-0.4851599999999998
0.14970000000000008
0.03202
-0.007279999999999991
0.35206000000000004
-0.29861999999999994
0.5711
0.85228
-0.08673999999999998
-0.5183400000000001
-0.7479999999999998
-0.8581399999999999
-0.42591999999999985
-0.6833
0.02526666666666667
0.028667999999999992
0.1938958095238095
0.18557914285714283
0.08009999999999998
-0.3311233333333333
0.24586666666666657
0.24435999999999997
-0.19502
0.24127888888888882
-0.11671999999999999
0.5382499999999999
-0.010960000000000003
0.6736800000000003
-0.33429777777777775
-0.53004
0.08020000000000001
0.13685314285714287
0.12453314285714288
-0.15926666666666672
-0.5318200000000002
-0.12296
0.2884673913043478
0.3875599999999999
0.729565714285714
0.6828559999999999
0.24827333333333343
0.6187999999999999
0.8489759999999998
0.9883879999999998
0.66566
0.7129147619047618
-0.8823200000000001
0.10277111111111109
-0.7023600000000002
-0.2215804761904762
0.22457266666666664
0.42066
-0.09889999999999997
-0.4763800000000002
-1.43054
-0.5956
-0.0033400000000000083
-0.06695260869565217
0.18905739130434782
0.16513666666666663
-0.09686999999999996
-0.17364000000000002
0.10795
0.2393673913043478
-0.27281260869565216
0.38674
0.1447866666666667
1.0717060000000003
0.8949344210526317
1.003492392156863
0.8898084210526315
-0.26903999999999995
-0.28866
-0.12676
-0.007419999999999993
-0.21506000000000008
0.40163999999999994
0.5352466666666668
0.8841
1.07132
1.1341200000000002
0.90532
0.367642
0.7917679999999998
0.704558412698413
0.6241400000000001
0.2138131583333333
0.33873919999999996
0.2132531428571428
0.24889999999999998
0.5077379166666668
-0.43276
-0.23576
0.21525125000000006
-0.36814
-0.43534
-0.42812000000000006
-0.21398
-0.7450999999999998
-0.2576
-0.14660000000000004
0.18341919999999998
-0.030280000000000036
-0.1654
-0.2090600000000001
0.1816292
-0.19988000000000006
-1.36458
-1.6201999999999996
-1.02644
-0.92622
-0.28659999999999997
-0.3587800000000001
-0.3927399999999999
-0.45728
-0.42786000000000013
-0.40919999999999995
-0.09202
0.08148000000000001
0.2124390476190476
-0.09642000000000009
0.15728999999999999
-0.03025
-0.33826
-0.26915999999999995
-0.5636799999999998
0.3506206666666665
0.4353949833333333
0.38070733333333334
0.5495120000000001
0.4505583011481271
0.17140000000000005
0.408666205613741
0.4004588888888889
0.4525449999999999
0.702316
0.4104933333333333
0.39039333333333326
0.49333333333333323
0.1920105641025641
-0.27699999999999997
-0.3293
0.08391904761904763
-0.4439000000000001
-0.23879999999999987
-0.08893999999999998
-1.4743199999999999
-0.96104
-1.9185000000000008
-2.0965599999999993
-2.16388
-2.2846199999999994
-1.9699600000000002
-0.6127999999999997
0.11829499999999998
0.21913811965811966
0.29208193548387096
0.2804655555555556
0.23538000000000003
0.4681622076416337
0.431404631884058
0.39607266666666663
0.21832000000000004
0.32343999999999995
0.125508
0.3913488888888888
-0.1727142857142857
-0.21344000000000002
0.24411314285714286
0.22211999999999996
0.20028000000000007
-0.51982
-0.1884
0.11515999999999998
0.41294193548387087
0.41199078095238106
0.4264907809523809
0.6284350000000001
0.48172238095238085
0.3625866666666666
0.486336011904762
0.3694613333333332
0.2037672307692308
-0.06422333333333334
0.274585
-0.62528
-0.13539833333333334
-0.28485999999999995
-0.19251999999999994
-0.88164
-0.4509400000000002
-0.33957999999999994
-0.9426599999999997
-0.38012
-1.1493200000000003
-1.8456400000000008
-1.21574
-1.8290000000000004
-1.3743599999999996
-1.3200199999999997
-2.4432799999999997
-2.423139999999999
-2.42352
-2.73204
-1.5557200000000002
-0.7558800000000001
-0.037599999999999995
-1.5076399999999999
-0.6099800000000001
-1.8372600000000003
-1.70852
-0.45341999999999993
-1.9593200000000002
-1.2584
-0.7431800000000002
0.13216000000000006
-0.4439599999999999
-0.61038
-0.5658599999999999
-1.1771000000000003
-1.2676000000000003
-0.9293899999999999
-0.7048399999999998
-0.8663399999999999
-0.5510000000000002
-0.20164000000000004
-0.13300666666666663
-0.04410000000000001
0.25072000000000005
0.3456
0.5386
0.06804416666666667
-0.006415833333333334
-0.11131999999999996
-0.19145999999999994
-0.0817
-0.20394666666666666
-1.7425600000000006
-1.8089000000000002
-1.0011999999999999
-0.2729599999999999
-0.6340199999999999
-0.5331199999999999
0.19784000000000007
0.17198999999999998
0.3210699999999999
0.47462000000000004
0.22010000000000005
-0.8056799999999998
-1.1336599999999997
-0.26816000000000006
0.08038000000000002
-0.8761885714285716
-0.9200285714285714
-1.18148
-1.9165199999999998
-1.8833800000000007
-1.07242
-1.26398
-1.14272
-1.01166
-0.5796777777777781
-0.18142333333333333
0.16302
-0.3486599999999999
-0.6956280000000002
-1.1181599999999998
-0.8048280000000001
-1.0007685714285712
0.021740000000000016
-0.09497499999999993
-0.9553679999999999
0.027684166666666666
-1.04452
-0.14645999999999992
0.38085999999999987
-0.8207800000000003
-0.9781485714285714
-0.5226999999999999
-0.20135999999999996
-0.8732980000000002
-1.7477200000000002
-0.95316
-0.8053200000000001
-0.76885
-0.84114
-0.49710000000000015
-1.3782600000000005
-1.8346400000000005
-2.5765199999999986
-0.8508199999999999
-0.0097
0.2918066666666666
0.57522
-0.045659999999999965
-1.28784
-2.0542999999999987
-2.10868
-2.5848999999999993
-1.4305199999999996
-1.41584
-1.1896999999999998
-1.49944
-1.21992
-1.807320000000001
-1.0515199999999998
-1.8146
-1.4404400000000002
-0.3350599999999999
0.36098875000000014
-0.25426000000000004
-0.39122
0.3719199999999999
-0.7149999999999999
-0.2733000000000001
-0.22787999999999994
-0.4907600000000001
-1.0159200000000004
-1.2520200000000004
-2.13198
-2.01114
-2.3577599999999994
-2.50428
-1.99286
-1.0324999999999998
-1.0284600000000002
-0.553377777777778
-1.09856
-0.89762
-0.11884
-0.05815999999999999
-1.0375800000000002
-1.3737800000000004
-1.6209200000000008
-1.9973800000000008
-0.7218399999999998
-1.4133200000000006
-1.9030600000000004
-1.3999400000000002
-1.92152
-2.16216
-1.9963600000000001
-1.4737200000000001
-1.4377400000000007
-1.5538600000000005
-2.0260200000000004
-1.9628999999999999
-1.19872
-0.57438
-0.5513800000000001
-1.1041800000000002
-1.8288600000000006
-0.3953799999999999
-0.10056000000000002
-0.13735999999999998
-0.05256000000000001
-0.09939999999999997
0.2804400000000001
0.59724
-0.15242
0.44704
0.7982000000000002
0.6751999999999999
0.9048
1.2665
1.2220999999999997
0.7498800000000003
0.76236
-0.19851999999999997
0.5244000000000001
-0.23378
0.5390266666666667
-0.10501999999999993
0.040100000000000004
0.31098000000000003
0.8155000000000001
0.6740200000000001
0.08784000000000003
-0.11395999999999998
-0.6764600000000003
-0.19376000000000013
0.4810000000000002
-0.053239999999999996
0.19218
-0.004799999999999996
0.28944
0.7253800000000001
0.62818
0.6763800000000003
0.6884
0.66114
0.7321266666666666
0.3402799999999999
0.68434
0.6930999999999998
0.67862
-0.6334200000000001
-1.22318
-1.82808
-0.48018000000000005
-0.83268
-0.41926
0.3586687499999999
0.5183487500000001
0.23010399999999995
0.5213000000000002
0.23556000000000002
0.9301600000000001
0.9731600000000005
0.626646
0.9182459999999999
0.6811799999999999
0.6307933333333334
0.7251800000000002
1.1474799999999994
1.0106479999999998
0.57658
0.76986
-0.6403479999999999
0.320664
0.553795
0.7241510869565218
0.5827666666666667
0.43002199999999996
0.20019
0.4861733333333332
0.48139499999999996
0.569755
0.5554733333333335
0.7611200000000001
0.9522599999999999
-0.18645777777777772
0.6382400000000001
-1.10332
-0.23824
0.36040800000000006
0.85458
0.6281299999999999
1.0240200000000002
0.87436
-0.012665000000000013
0.56182
1.1275199999999999
1.187
0.7602428571428571
-0.19945999999999997
-0.8275085714285717
-1.90962
-2.1066599999999993
-0.41800000000000004
0.8108399999999999
0.6728500000000001
-0.8301000000000003
-2.15516
-2.0210000000000004
-0.59774
-0.51074
-0.8302400000000003
-0.38099999999999995
-0.7582200000000001
-0.2950200000000001
0.5458399999999998
0.10479999999999999
0.5215399999999998
0.40596
0.4331900000000002
0.6044599999999999
0.434002857142857
0.6893799999999999
0.9194200000000003
0.97068
0.8321000000000001
1.28104
1.3479599999999996
0.9379800000000001
-0.02330000000000003
0.07593999999999998
0.10344000000000002
-1.1651800000000003
-1.82468
-2.520260000000001
-2.6078599999999996
-1.0178200000000002
0.2277400000000001
0.5833
0.6269428571428572
0.7105249999999999
0.62194
0.7216999999999999
0.7387999999999998
0.7895699999999997
0.8555799999999998
0.72712
0.06509999999999998
-0.13232000000000002
-1.1970400000000005
-1.91388
-1.9598600000000002
-1.87108
-1.1403600000000003
-1.0130200000000003
-0.9537599999999999
-1.7944799999999994
-1.1275600000000001
-0.19122
0.10896000000000003
0.6318000000000003
0.18640000000000007
0.05258
0.025419999999999988
-0.28291999999999995
-0.3783399999999999
0.09822400000000002
0.19976
0.23274
0.57686
0.10460000000000003
-0.6982799999999998
0.45682
0.7182600000000002
0.95238
1.0343
1.1910999999999998
1.3641199999999996
1.3212399999999993
1.3806599999999998
1.46276
1.2760799999999999
1.2290599999999998
1.1858599999999997
1.5384799999999998
1.1250399999999998
1.4115199999999999
1.4711599999999998
1.5779600000000005
1.2943400000000003
1.6016799999999998
1.6624599999999996
1.70236
1.1770200000000004
1.6155399999999998
1.3156952380952383
1.5319800000000003
1.2278
1.3149685714285715
1.36674
1.40624
1.4536399999999998
1.2043
1.5987200000000001
1.16088
0.8646756363636361
-0.13488
-1.8866199999999997
-2.4912199999999998
-2.0773599999999997
-2.7732000000000006
0.2616800000000001
0.6987200000000001
0.8716799999999999
0.18958000000000005
0.6303400000000003
0.9154599999999999
0.3486200000000001
0.9318799999999996
-0.03882000000000001
0.045
-0.21681999999999998
0.06511999999999997
0.29674
-0.38408000000000003
-0.58632
-0.057259999999999985
0.6256799999999998
0.9051199999999997
0.20430666666666655
0.5480999999999999
0.4758799999999999
0.7910200000000001
0.9976600000000001
1.0404857142857142
1.10412
0.41072666666666646
0.9687399999999999
1.1640599999999999
1.14166
1.1365080000000003
0.8868266666666668
0.8070057142857142
0.9790433333333334
0.9829733333333334
0.9920399999999999
1.08432
1.120977471264368
1.0925233333333333
1.1371600000000002
1.1505199999999998
0.45322666666666656
0.8298726839826841
0.9427
-1.8880599999999998
-1.52166
-0.9282600000000001
-0.5179800000000001
-0.9351199999999998
0.16977259259259264
0.24713259259259268
0.16672
0.86826
0.9724600000000002
1.02578
1.1609
1.19866
1.0549000000000002
0.5221199999999999
0.47845999999999994
-0.8625799999999999
-1.7997399999999992
-2.28994
-1.9084600000000003
0.11746000000000001
-2.1289399999999996
-1.87862
-0.8237000000000001
-0.8389599999999998
-1.5232
-2.5572199999999996
-2.0371800000000007
-1.2018399999999998
-0.7949
-0.12446
-0.03266
-0.36198
-0.8617199999999998
-0.8690000000000001
-0.03319999999999999
0.45136
0.7464866666666665
0.8603000000000001
0.7893999999999999
0.9794399999999998
1.0196666666666665
0.9751466666666664
0.20495925925925923
0.44950973544973527
-0.39141999999999993
0.2880125925925926
0.43627999999999983
0.12479999999999995
0.5481199999999999
0.9018866666666667
0.8874
0.27880666666666665
0.9832727536231883
0.8014600000000002
0.8417200000000001
0.050152592592592596
0.20581925925925926
0.15410000000000001
0.17978000000000002
0.13033999999999998
-1.20236
-0.9464199999999999
-1.98852
-2.31708
-1.0256600000000005
-0.8354400000000003
-0.66092
-2.552219999999999
-0.6435599999999998
-1.1444000000000003
-2.11386
-0.1862
-0.041299999999999976
-0.28801999999999994
-0.23862000000000003
-1.0727400000000005
-0.9753400000000003
0.055879999999999985
-1.1311600000000004
-1.3691400000000002
-2.1384600000000002
-1.5713799999999996
-1.7361799999999992
-0.66152
-2.6998400000000005
-0.9310799999999999
-1.9337799999999994
-1.6189799999999994
0.026879999999999998
0.86544
1.0987200000000001
1.1308599999999998
1.1497
0.8307599999999999
-0.44609999999999994
-1.16622
-0.5063199999999999
0.39058
0.7842600000000001
0.47100000000000003
-0.9067600000000001
-0.3896200000000001
0.48719999999999997
0.62694
0.80802
0.9811799999999998
0.9534907692307693
1.1225200000000002
0.9211199999999998
1.0395280000000002
0.9364133333333335
0.8475800000000001
0.8080799999999998
0.8673733333333334
-0.6672199999999999
-0.3989599999999999
0.3465971428571429
0.9690799999999998
0.20577999999999996
-0.63384
-2.7245
-1.0267199999999999
-0.04691714285714287
-1.0486800000000003
0.6208200000000001
0.8190000000000001
0.7178133333333334
-0.2134
-0.21853999999999998
-0.22974
-1.15642
0.03478000000000001
0.6229400000000002
0.7598
0.6303999999999998
0.75512
0.6553999999999999
0.8662200000000001
0.3815200000000001
-0.7027800000000003
-0.17068000000000003
-1.3071000000000002
-2.1333800000000003
-2.1734400000000007
-0.46932000000000007
-2.0335199999999998
-0.3932800000000001
0.5848487499999999
0.9465000000000002
0.89664
0.4497199999999999
0.53736
-0.3643
0.5235400000000001
0.8162200000000002
0.3200000000000001
-1.5831999999999993
-0.24544
0.26338
-0.08214833333333332
-2.58514
-0.6932200000000001
-1.697
-0.29585999999999996
0.5782400000000001
1.0139200000000002
0.9086774999999999
0.6952200000000002
-1.3080599999999998
-0.4161000000000001
0.3410800000000001
-0.13689999999999997
-2.25266
-0.06798000000000001
-0.20606000000000005
-1.0291000000000003
0.26399999999999996
0.20753259259259255
-1.91168
-1.7683600000000002
-2.6475200000000005
-2.26942
-1.06116
-1.3802999999999994
-0.64516
-0.48307999999999995
-0.8832799999999998
-0.8163199999999999
-0.85402
-0.30694
-0.8519599999999999
0.02660000000000002
-0.07717999999999997
0.48998
0.41864000000000007
-0.0026799999999999923
-0.5189200000000002
-0.05279999999999998
-0.6521000000000001
-1.8977400000000002
-0.35748
-0.71678
-0.8561400000000002
-0.12919999999999998
-1.0395200000000002
-0.4266577777777779
-0.10999999999999993
0.6242600000000001
0.8774599999999998
0.87074
0.7639200000000002
0.8077200000000002
0.01982
-0.27083999999999997
-0.26413999999999993
-0.5373999999999998
-0.53544
-0.0898
0.05893999999999997
0.005019999999999992
-0.32205999999999996
-0.24014
-1.8217599999999998
-2.63882
-2.5901599999999996
-2.62126
-2.52354
