0.3632734738650245
0.23223733358308374
-0.0375068125
0.15649098870573874
0.33914958346737606
0.17178114972241812
-0.05450211013986013
0.14304933264980638
0.006825877917833797
0.2927376915809679
-0.5091613636363632
-0.6095143749999998
-0.3132138305322128
0.22652952272727284
-0.20737399019607847
0.15265575923096514
0.4106109172968974
0.42562079006410286
0.30199208533542804
0.6081303624084247
0.5407679688888234
0.5439107616694556
0.6846805187391758
0.707092079916815
0.7414755680874678
0.6304371398299665
0.8252059420571258
0.4752913115822115
0.44510407467532453
0.3479826615189423
0.17572358279220773
0.5246379675069932
0.48175920833333286
0.5219791755260244
0.558269318293586
0.33701535353081313
0.6513505475427348
0.3604399310019532
0.4003897570459464
0.5148506942293817
0.5309532822636303
0.8013131506304518
0.6220955081753428
0.32032991199078686
0.3513787056064848
-0.002451970779220785
0.3368602304919278
0.4791092929110254
0.5221713273540625
0.41765602060439533
0.16593358333333336
0.09458900000000002
-0.19288499999999992
0.3956194106951872
0.010081999999999997
0.31219965159773566
0.26817744961418044
0.0977029448051948
0.6046797557386114
0.6697366855445721
0.6118425443675475
0.03349535961260963
-0.004466277777777789
0.0209091764069264
0.20886253110997172
-0.20870789171123
-0.17690937522771344
-0.38171833333333316
-0.5091999999999995
-0.4129226136363636
-0.14698770833333333
-0.3018316666666665
-0.08937639985994393
-0.10757758333333328
0.4598466863093344
-0.21486118716577532
0.12206195562770562
0.5600685856081263
0.6531039648618537
0.5420278074856395
0.6201576985667553
0.7351738749999995
0.711641777302236
0.3477104557309878
0.7088617018695351
0.8634092017323163
0.9679116620879111
0.8166855643939384
0.8619728515803189
0.9091844157565641
0.9757100403667214
0.8682906513157892
0.7788169585672994
0.7971327722925452
0.11962630303030311
0.2750117222222223
0.4640901430203004
0.5764301950199143
0.613136097980278
0.6334728990917534
0.7825486833333334
0.7065634478424806
0.7618367023809518
0.6406828261602402
0.6706860750522826
0.774589226190476
0.9849555681444991
0.9519519153667209
0.9624268093061148
0.8652372539682537
0.8060660621921178
0.7499041666666661
0.997638674908425
-0.24975882352941173
-0.4876072727272729
-0.429311666666667
-0.41243687500000037
-0.2872416666666666
-0.08401645833333334
0.13543594444444434
0.21053328096338678
-0.11259763095238093
-0.3272626442307693
0.2148632924575424
0.14320434255368816
0.1961754309481368
0.3708640055244859
0.6417886720119723
0.7722686813705079
0.5133246793680345
0.8852934586247082
1.0888114484126974
1.029638790366721
0.9775314982974908
0.9584250999999994
1.144047406746032
0.9338708838383838
0.7490625771581354
1.126903382756132
0.7511702568681312
0.8714431249999997
-0.9845099999999998
-1.2342449999999998
0.3680113219545957
0.7475657246503493
-1.2375872727272725
0.5314952470862468
0.3340559806776555
0.7291146536796537
-2.221515000000001
-2.3974100000000016
-1.4291049999999987
-1.0790349999999997
-1.74818
-1.6058600000000005
-2.4956950000000018
-1.8366350000000018
-1.6019899999999994
-1.5060880000000005
-2.2508299999999997
-2.716765000000002
-1.548808
-0.6581100000000002
0.02259388888888887
-0.19191499999999997
0.22868255844155844
0.562530152671756
0.5307369423542955
0.8107021111111113
0.7676223503183092
1.0873964163614165
0.7307061463536457
0.5060499606864416
1.0508164791666663
1.1879460277777785
0.9660261153846154
0.9721625548872178
1.1439019487916295
0.6376105362318838
0.9651227559523804
0.775856058592577
0.9996934020138355
1.0783551170634924
-0.03851392857142857
0.681108899857687
0.7318410857073036
0.8101774956450272
0.1573388571428571
0.6792491974937341
0.5616607976190474
0.6454953578296699
0.8530491208925157
0.7843864164303525
0.4970806027097898
0.6186009974968534
0.24184530654761893
0.06858504624542122
0.32427919871794886
-0.7635048749999999
0.09411833333333341
-0.294926034891579
0.18052634523809524
0.2910959123713587
-0.43205249999999995
-0.4582553966131908
-0.0031753184523809564
-0.33890104166666674
-0.14196395833333328
-0.4467950000000005
-0.9464050000000002
-2.16596
-1.1991037499999997
-0.15255236842105271
0.10949684523809519
-0.08251215367965373
0.24465392436092434
0.33611165321078607
0.4075996315272032
0.46437808302808314
0.4234271666666665
0.6322280425685425
0.7941190629084968
-0.2975833333333333
-2.516935000000002
-0.5430250000000001
0.5892450000000004
0.37048249999999994
0.7593016379051057
0.4023531666666665
0.10670448076923071
-0.0657236028138528
-1.1159849999999991
-1.9408500000000015
-1.6532250000000013
-0.9144474718614721
-0.6861094117647056
-0.8835323620129865
0.05999327083333336
0.09054581897269394
0.15608227570346314
0.35967005555555587
0.4340411519065347
-0.7174783750000004
-2.0270400000000013
-2.0673150000000025
-1.021667272727273
-0.8556512499999998
-0.42045
-0.6230150000000003
-0.19045749999999995
0.33238450956937804
0.6797660822510823
0.12269071428571421
0.27706882974481645
-1.0483999999999998
0.03567119047619049
0.21526595129870127
0.5208074898989896
-0.4754511515151516
0.20243820662451587
0.32022671428571436
0.43674036190855925
0.7350483823529413
0.18497833333333333
-0.14744866666666667
0.9615488804347828
1.1161172500000003
0.5793997498334994
0.5366852655677651
-0.19916025
0.5179403477443609
-0.053979236111111106
0.08753599999999993
0.054649397435897466
-0.20527361013986012
-0.528047435897436
0.10091673809523809
-0.5814817692307692
-0.7391274358974357
-0.9555832142857146
-0.4017300000000001
-0.8318687499999993
-0.8148957142857138
-0.9630925000000002
-0.6754349999999996
-0.9494925000000002
-0.5675554901960786
-0.11574676190476191
0.1249550416666666
-1.250555
-0.5250516666666667
-0.5719957692307692
0.16053291666666655
0.6098684548872181
0.17841327651515143
0.320483340964591
0.3621967179487178
0.7244921550802139
0.8582883217468807
0.8604771997759393
0.41659032621326025
0.6931267672253899
0.14742067460317465
-0.8125594117647058
-1.510425000000001
-2.311075000000001
-1.13755
-2.6177300000000003
-0.45962766666666677
-2.7056050000000003
-1.6522000000000006
-0.4830800000000001
-0.6576838235294113
-0.20204116071428557
0.2602860809523808
0.27364180555555573
0.476154
0.5385373166776722
0.5402097477272723
0.33714614171374757
0.11402012187247777
0.35535503044871786
0.6566499307104656
0.713546459591492
0.9439484249084249
0.4146466938872323
-2.4372800000000017
-0.563715
0.1271049999999999
-2.7171399999999992
-0.33544
0.16034999999999996
0.16703774999999996
0.03870750000000005
-0.15563375000000004
-0.3586458333333332
0.0430822424242424
0.2805386654955213
0.4110009155844155
0.22720514583333323
0.22021729166666654
0.19104202266612869
0.5504473169722437
0.8221919600997666
0.4420371520315208
0.7394244609844293
0.7915331726190477
0.36982034381200757
0.5739713635657064
0.33646419507101094
0.29397143452380936
-0.00914409090909091
0.35366766949152534
0.6447266666666664
-0.8127550000000002
-0.470606666666667
0.25344345238095256
-0.48253500000000016
-0.16239749999999994
0.8875817464114831
1.012399763340826
-0.4332943333333332
0.14198375000000008
0.6292488095238093
0.25890500000000005
0.7667586732860162
0.7192262980747317
0.4585694891670975
0.07381972222222222
0.7888605000000003
1.432939999999999
0.21157299999999998
0.43233205844155853
0.7884751874999998
0.7449340454545458
0.9563104740259736
0.7666127499999997
1.14178726744186
0.84823
0.1542186363636363
-0.34772916666666664
0.2942355028248586
0.6099490710066771
0.725160708333333
0.725178522727272
0.2610625028248585
0.6784138333333337
0.94412509375
0.6896844356060607
0.7556618233251636
0.7921857920751634
0.3712482402757686
0.5634864668664672
0.48664453679653685
0.7049301022727272
-0.3255337121212122
0.31777905824491204
0.6563878541666668
0.6804821998746867
0.5106982861305362
0.08630636208236207
-0.8029516666666668
-0.2990229166666666
0.29915734305935293
0.563613
-0.2412083658008658
0.1068723923664055
-0.09256863636363638
-0.26358458333333323
-1.653915
-1.268275
-0.5075238235294117
0.0035973015873015874
0.30650217289750936
0.07470255279075501
-0.4179093749999997
-0.3637810416666666
-0.16848541666666658
-0.3805909999999998
-1.6873800000000017
-0.35322499999999984
0.19812074999999996
0.08240749999999995
-1.3367575
-1.1663775
-1.3526216666666668
-1.0286336666666667
-0.7895110416666664
-0.7638350000000003
-1.362765000000001
-1.806485000000001
-2.376600000000002
-1.6469900000000004
-0.81397412605042
-0.3765449999999999
-0.16595237500000007
-0.3435000000000001
-0.37963125000000003
-1.051650714285714
-0.5731999999999997
0.053295772727272706
-0.7879113392857142
-0.709164124373434
-0.11161500000000003
0.08335745238095242
0.6256498421926908
0.3509966846704209
-0.5843802521008407
0.05634891666666666
0.37431247929166334
0.6086852825517503
0.8311639325388657
0.9039445833333337
0.7293772683609491
0.8524286383555381
0.8864505687698422
0.44568542424242436
0.6920116407669934
0.3952237197366728
0.22981469910413654
-1.2538850000000001
-1.7124350000000004
-1.2837100000000004
-1.3598699999999997
-1.7235350000000014
-1.0421383333333332
-0.14523500000000003
-0.9331833333333328
-0.6388687450980393
-0.6232579107142856
-0.622114119047619
-2.357685000000002
-1.4595216666666664
-0.6869664750445627
-0.20907000000000003
-0.16100233333333328
-1.5999325
-1.2239757142857137
-1.1219350000000001
-2.080640000000002
-2.144120000000001
-1.4299300000000008
-2.139079999999999
-2.4695100000000014
-1.249178
0.031191260610304715
0.22997083759213754
0.12195706349206352
-0.30444666666666675
0.30701441547026853
-0.229525
0.09383555194805197
0.5712650077771066
0.4588751752139839
0.41027282030619316
0.6155094118876938
0.3712020560484916
0.5441136070480441
0.5609459123330373
0.5087587722764563
0.5912802976190473
0.2482649660865074
-1.7408250000000016
-0.8661597963800913
-0.4502143749999999
0.06881353354978349
0.06563449242424238
-1.0392249999999996
-0.6491112499999998
0.33762745000000016
-0.14579125000000004
0.5602156874307863
0.7595268749999995
-0.36749882352941177
0.6373731666666667
0.6697168697995867
0.8808678333333327
1.0578016666666663
1.11979125
0.9974170606060604
0.7172205476190472
0.7406870128205126
0.38281491666666667
-0.491074
-1.6581800000000009
-0.904872272727273
0.26130105441216034
0.6796415151515154
-1.7312350000000023
-0.7729199999999997
-0.4959446568627452
0.13936890909090902
0.35993439639639635
0.3363549047619047
-1.7838500000000013
-2.3860200000000007
-0.49260941176470574
-1.6315450000000007
-1.119189999999999
-1.7296700000000005
-2.6449950000000024
-0.9644337500000006
-0.5772143749999997
-0.9611143749999997
-0.40077882352941147
0.3482445154440154
0.36662228571428573
-0.12995499999999993
0.28643978571428586
0.593179
-1.3939499999999998
-0.5226813235294118
-0.10440500000000003
-0.49472315686274515
-0.5343350000000001
-2.2254300000000002
-2.531275000000001
-1.818580000000001
-1.0758850000000004
-0.7927649999999993
-0.3586725
-0.4007466666666666
-2.1570799999999983
-1.406315
-0.2781374999999998
-0.12630875000000008
0.039657963203463244
0.2723850928041257
-0.14066166666666663
-1.11032
-0.7763958333333337
0.2594717857142858
0.38668031198081165
0.18980353787878798
0.31625236274509805
-0.3491809999999998
0.0873290476190476
-0.040223499999999995
-0.022278374999999996
-0.13048125000000008
-0.4879275000000001
-1.6322900000000005
-2.139845
-2.4419550000000005
-2.378915000000002
-1.3682629999999996
-0.76767
-1.7643849999999999
-1.9820900000000012
-1.322945
-1.94735
-2.2017700000000002
-1.853405
-2.0855099999999998
-1.685275000000001
-0.08499875000000003
-0.9553207142857144
-0.30703281250000025
-0.15882250000000006
-0.8347756249999999
0.2383601607142858
0.006458124999999993
0.42006790079365075
0.808937916666667
0.849370001984127
0.377205
-0.06052737499999997
-1.1387899999999995
-0.312695
0.04444602795815295
0.2613227953862954
0.11631346309246304
-0.40908
-1.0795999999999992
-1.8851450000000012
-0.9266199999999998
-1.1830999999999998
-1.17124
-1.0343050000000003
-1.672575000000001
-2.4337150000000007
-2.684545
-1.4140250000000003
-0.8043675
-0.8761850000000004
-1.768755000000001
-1.2107932142857143
-1.9071250000000008
-1.668420000000001
-1.908715000000001
-1.0711784848484849
-1.1271649999999998
-1.3159899999999995
-1.409125
-1.6311350000000016
-0.5716783333333332
-0.03506366666666667
0.41187539408378193
0.44218657675438533
0.23456221681746545
0.32676777909779076
0.3033060714836326
0.21222696511331823
0.3810394048085081
-0.603161875
-2.732205000000003
-1.2601550000000004
-0.584315
-1.1123300000000003
-0.992725
-0.9521839999999994
-0.3417749999999999
-0.9466449999999992
-1.1468674999999997
-1.0907649999999998
-1.7772000000000014
-2.6461850000000022
-2.587915000000001
-1.7331900000000013
-0.9607550000000008
-0.5733599999999999
0.0014291666666666582
-0.1503775
0.1010001190476191
0.2713547235042736
-0.5055166666666664
0.02522911904761904
-0.17649107142857137
0.44739962012288786
0.10230612606516296
0.5600451126984123
0.016128928571428586
0.4243198578943931
0.5094972574296304
0.041927202131202164
0.28805821776695534
0.346151121791525
0.4173192635216869
-0.5069137867647062
-0.01534871590909092
0.25625249761904756
0.3905920485422883
0.48776521413250945
0.5541691359074744
0.19742942547092557
-0.17155125000000004
-0.36962999999999985
-0.33637999999999996
-0.36108499999999993
-0.26624024509803923
0.306451156013156
0.4756424037524411
-0.29179424509803914
-0.5624407142857146
-2.161695000000001
0.11706750000000002
-0.32567000000000007
0.16487180194805198
0.17186510714285716
0.17027090909090917
-0.6057400000000002
-0.8001288218524247
-0.8582313630634064
-0.06142291666666665
-0.4417349674151958
0.04806436172161174
0.21717120211038954
0.3940122851226382
0.3707189758745379
0.3623506666666664
0.4251843670777198
0.2244407214452214
0.2796142633244574
0.009089602272727261
0.27345725378787866
0.3287317866047285
0.413554938095238
0.21189383333333328
-0.2681957083333335
0.20958097646917623
0.37080474768448185
0.258371276765204
0.18701913095238093
0.08549673809523814
0.38247857152998427
-0.14817528571428584
0.12805673611111104
0.29559237606067507
0.18353441313448457
-0.9373150000000002
-0.15639632692307695
-0.3196598253968256
0.029364277777777784
0.05041174999999997
-0.06803185606060606
0.11958047048784541
0.11167311085343236
-0.13905333333333333
-0.39963499999999996
-0.5845599999999994
-0.36126166666666654
-1.1295657142857147
-0.1223261071428571
0.4331784157580148
0.31053756796631643
-0.29587558909717726
-0.4499850000000002
-0.9747899999999998
-0.5137683333333333
-0.14734369318181828
0.17643166666666668
-0.015374810606060572
0.1331005833333333
-0.5143040000000001
-2.4867700000000017
-1.6410450000000012
-0.7213414230429015
0.05170081805555556
0.09397398015873012
0.3381925078872447
0.14092810714285708
-0.07428241071428567
-0.14238961904761915
0.1178365641025641
0.19625540980448122
0.15517200793650793
-0.5926818907563023
-1.1996799999999999
-0.3218641666666666
-0.406961281862745
0.19418053391053405
0.07029089743589742
-0.26938599999999996
-0.13801849999999993
-0.2099336666666666
-2.024040000000001
-2.482125000000002
-1.5753350000000015
-0.19886521978021965
-0.04512262500000001
-0.31599100000000013
0.27397174365079363
0.33297853192753196
0.4822849304801681
0.1793673957352171
-0.4895627083333334
-0.5840949999999995
-0.21089333333333332
-0.85114875
-2.301865000000001
-1.2675050000000003
-1.14309
-1.0969049999999998
-1.8392074999999986
-2.453020000000002
-2.0180250000000015
-2.3720650000000023
-2.494855000000002
-1.240771666666667
-0.23896499999999996
0.11274999999999999
0.12135513095238099
0.2578607482993196
0.21187576864801852
0.1497106117216117
-0.7205089999999998
-0.7660407142857142
-0.21403666666666663
-0.11409666666666668
-0.3537087500000004
-1.5419700000000003
-1.18189
-0.19435946428571413
0.1823669694292262
0.4330436862745098
0.5158932031410727
0.31669471637728597
0.538040703164527
0.7239175981962478
0.8986788198529413
0.7740620874944181
0.406234789711885
0.6983725967454866
0.7329921944444443
0.9018590619790833
0.020464785714285713
0.35196482780958893
0.45561640538578474
0.5142719468086036
0.3841197632007231
0.33669758226099344
0.21770057189239325
0.42768791725698213
0.36248069685621
0.18948013372738365
0.45412378449163393
-0.10918510130718945
0.16396803787878786
0.16181482486858378
-0.005591750000000003
0.3676935199342768
0.511939278815133
0.47935607723248885
0.04027166666666665
-0.3215876666666666
-0.0851848284313725
-0.6204987500000003
-2.153690000000001
-2.5138500000000024
-1.243135
-1.2714449999999993
-2.3849400000000016
-2.613275000000002
-0.9922657142857148
-0.14696999999999996
-0.09047891666666669
0.14140690472027978
0.28422462879709365
0.239476095023595
0.17981458333333325
-0.9730157142857139
-0.7813807142857143
-0.12960000000000002
-0.1124145
-0.20406124999999992
-0.08153425000000002
-0.5896804285714289
0.03192208333333334
0.033946125
-0.8183807142857146
-1.9916350000000014
-0.9624900000000003
0.33577517095351384
0.16272858020581116
0.22690513955488964
0.40153602941176475
0.6188846414457252
0.24807
-1.2182222727272722
-0.4869212299465245
-0.025785000000000006
-1.4157361538461553
-0.2835378125000001
0.21397497943722957
-0.05193175000000001
0.2730680935231435
0.21291919871794868
0.25131504901960794
0.3519381262626261
0.2699558535353535
0.1778353695175438
0.006099000000000002
0.3505631382575757
0.11130824999999998
0.16311766666666658
-0.22580708333333327
0.15623433333333328
0.21824684523809523
-1.5561249999999998
-2.449110000000002
-2.491630000000002
-0.9172662500000004
-1.4113299999999993
0.05825499999999998
-0.19883499999999996
0.15007624999999994
0.051949999999999975
0.15608874999999986
-0.15410000000000004
0.15390520000000002
0.1613569999999999
0.16477567857142858
-0.9706022727272727
-0.4690703966131908
-0.4126883333333329
-1.18167
-1.994550000000002
-0.8162450000000001
-0.10250500000000004
-0.7199325000000002
-0.5888224999999998
-1.7647650000000001
-2.415015000000002
-1.2866349999999998
-0.4535099999999996
-0.44622999999999985
-0.1098435
-0.38812499999999983
-0.43729
-0.23166749999999994
-0.022814166666666674
0.0671133333333333
0.051423750000000004
-1.1611249999999997
-0.34374400000000016
0.19850999999999985
0.07777564393939394
0.24234291666666638
-0.15712958333333338
-0.3421450000000001
-0.42719875000000007
-0.6031300000000003
-0.5449925000000007
-0.37199000000000026
-0.37308666666666646
-0.6202418181818183
-0.11135906249999998
-0.09037500000000005
0.3037623679653678
0.7565403235785948
0.7354731944444439
0.7585142814157487
0.6801200160931863
0.7704895039682543
0.48620265849186173
0.10836200000000001
0.06074680654761907
0.18012183333333331
-0.40637166666666674
0.2408548504897879
0.10533591666666663
0.22467217679172677
0.4803182251082253
0.6397483333333328
-1.2414699999999994
-1.6889900000000009
0.03922250000000001
-1.0604424999999993
-1.2243850000000007
-0.5795900000000003
-0.8554424999999997
-0.6948999999999994
-0.20161458333333335
-0.1385870833333334
-0.22184458333333343
-0.40280750000000026
-0.7189150000000005
-0.4721250000000001
-1.5874050000000008
-2.458395000000002
-1.5301974999999992
-0.1696339999999999
0.2231502041929971
0.17167602659952672
0.2604696139147492
0.33211452878929343
0.5097085900167087
0.4715813269841267
-0.10164166666666667
-1.1782000000000001
-0.12036250000000007
0.4055301055194805
0.292637290620581
0.19432794444444432
-0.7002750000000002
-0.22093874999999993
-0.1805349999999999
0.14900866666666665
0.4368532750626567
0.15607866496598644
0.49750588148401276
0.33489871451808945
0.1808025650946276
-0.13867000000000004
-0.37942937500000007
-0.3711043749999998
-0.48484937500000014
-0.23638937500000004
-0.0008050000000000093
0.3569557482993201
0.06445135714285716
0.45471050389399337
0.7217621309523805
1.05045875
0.7571434868421055
0.9825987500000011
1.0560224999999996
-0.48998249999999993
0.5379741497695856
0.4883261558972191
0.5486326065060678
0.12120333333333337
0.0644575
0.2391149517135525
0.11540591713048849
-0.2635853333333334
-0.41012033333333336
-0.048308257575757574
-2.4303100000000004
-1.7003
-0.48913999999999996
-0.27772999999999987
0.23157774999999992
0.3948498318802672
0.4203940818571054
-0.8622650000000004
-2.5192300000000007
-0.8366500000000004
-1.5331949999999994
-1.615190000000001
-0.47263499999999986
0.1148709999999999
0.40154232644110266
0.21677441666666675
0.1284340000000001
-0.7414470000000002
-0.1071751190476191
0.22799858333333337
0.1413144523809524
0.11500721153846159
0.4296741666666665
0.6463061163003662
0.18935051003276
-0.3615046568627449
0.09910999999999996
-1.1352482727272724
-0.05018296428571425
0.17730539880952378
-0.23876187500000004
-0.6226050000000004
0.38533499999999987
0.39895642857142866
0.18966500000000008
-0.7052475000000001
-1.177176666666667
0.4615222000000002
0.7042125506072877
-0.48591249999999997
-0.5921325000000002
0.036857648809523795
0.4586181040404042
0.6813901602564105
0.3580061904761902
-0.749161647727273
-0.3510346568627451
-0.1087291249999999
-0.24608690686274518
-1.54526
-0.31847749999999997
-0.4058188235294116
0.2747329807692307
0.0633295833333333
-0.5757375000000002
-0.9568000000000002
-0.31053375000000005
0.4084156956975773
0.332864044117647
0.3011475
0.7068078796992477
1.0381217708333341
-0.30175000000000013
0.33735033333333364
-0.5108325000000001
0.16553545238095235
-0.4202412500000003
0.6577052000000001
0.3935269999999998
-0.5673381250000004
0.14989999999999987
0.18340366071428568
0.053129500000000045
0.4242991974937344
-0.26976037500000005
0.7063866666666664
0.9636500000000002
0.00027999999999999857
-0.54192
-0.8220650000000005
-0.9812000000000006
-0.588875
-0.7033101250000007
-0.011753333333333336
0.024982666666666663
0.21285714186507942
0.23543552380952387
0.05829949404761907
-0.3811858333333334
0.2873182654761906
0.26573399786879803
-0.15251126785714283
0.3881073209787585
-0.024158465909090918
0.5629049374578919
0.07706452380952383
0.7121450000000005
-0.28338000000000013
-0.4443970000000004
0.10228728571428566
0.10973846428571427
0.11883388888888889
-0.1363958333333334
-0.4251950000000002
-0.11117883333333331
0.2175249149659863
0.33492281306306304
0.7115156041666668
0.7013177272727272
0.27756085714285705
0.7148111666666668
0.7282049641148325
0.9436087500000002
0.547629375
0.7076981756072872
-0.9394150000000002
0.0796811904761905
-0.738808272727273
-0.10220458333333336
0.26565886702741714
0.4105994679870711
-0.11525428571428568
-0.5144150000000005
-1.3183074999999997
-0.5450100000000002
0.12495249999999995
0.09578833333333335
0.2869129870129868
0.2729071536796537
-0.12267625000000004
-0.1379108333333334
0.03132199999999999
0.23101749999999982
-0.18039333333333324
0.3844962042042042
0.24758016666666652
1.046559880952381
0.9574975000000002
0.9629101510989014
0.875591285714286
-0.2494400000000001
-0.31769500000000006
-0.18319037500000004
-0.02462229761904764
-0.20269708333333322
0.47699034868421025
0.5634965570175439
0.909886858974359
1.083538333333334
1.1008783888888887
0.8941884439324121
0.40779123214285734
0.8452343247139108
0.7846219630325816
0.615677045270315
0.27682397835497835
0.3534996428571427
0.0776934090909091
0.13333719047619053
0.39823059369901803
-0.5898853749999999
-0.1601977499999999
0.18868172619047627
-0.4754650000000001
-0.4119827500000001
-0.5809143749999999
-0.32322937500000004
-0.7008
-0.2988802976190476
-0.14983525000000003
0.17336333333333354
0.06074333333333334
-0.18102499999999988
-0.24293208333333322
0.15989140909090913
-0.3340824999999999
-1.3061066666666667
-1.5933150000000007
-0.9289150000000005
-0.7680784821428572
-0.40957132352941167
-0.4000513235294115
-0.5216299999999998
-0.4227249999999998
-0.460585
-0.3705199999999999
-0.03432000000000001
0.024477499999999975
0.22075462275819394
-0.04658500000000001
-0.004728654761904768
0.03585499999999996
-0.2667599999999999
-0.23993375000000008
-0.65882
0.3337134271183627
0.44373461336580083
0.34327604494653063
0.5353386388206386
0.4453496747795223
0.15870359523809527
0.3668741613037107
0.44513166666666676
0.5603256643703819
0.7521581488941165
0.4118341334351922
0.454411436566122
0.469238045431091
0.275568838622399
-0.27857900000000013
-0.3913046568627451
0.04032661904761905
-0.41083882352941187
-0.3256638235294118
-0.10260716666666675
-1.3550350000000007
-1.0855166666666662
-1.9250500000000008
-2.0699650000000016
-2.034435
-2.2912100000000013
-1.86954
-0.5767054285714281
0.10307058333333334
0.20692530194805184
0.3328542348840438
0.2527254133578488
0.25311311398361197
0.4716696383708882
0.5889814003833855
0.3455967675722619
0.23705781249999988
0.20467352380952383
0.11709848214285717
0.35062094325899046
-0.16580224999999993
-0.222278125
0.2987083756137869
0.28642672943991465
0.2130416190476191
-0.6057899999999998
-0.17761024999999994
0.06060169047619042
0.39935186085343233
0.44503718503716555
0.5224021039859263
0.6437704642857143
0.48964730510420973
0.42112473917748894
0.5263420291122837
0.4791789234099233
0.15740350000000003
-0.011240714285714295
0.3481574999999999
-0.5399699999999997
-0.08021671428571428
-0.32322611111111116
-0.01874349999999999
-0.821945
-0.34697071428571424
-0.2922100000000001
-0.8997538235294109
-0.42688249999999994
-1.1765549999999998
-1.8176449999999997
-1.2665849999999998
-1.8361750000000023
-1.45357
-1.3708250000000002
-2.4544300000000017
-2.4893500000000004
-2.4473700000000025
-2.6732600000000017
-1.6317250000000003
-0.6654649999999996
-0.04545
-1.4794450000000001
-0.5874699999999998
-1.7194500000000006
-1.666845000000001
-0.62243
-2.022365
-1.2682300000000009
-0.5921650000000003
0.14919400000000013
-0.33166500000000015
-0.5956699999999996
-0.48931000000000013
-1.241875000000001
-1.314685000000001
-1.0635449999999993
-0.7182299999999998
-1.0148649999999997
-0.5322300000000002
-0.18740333333333323
-0.09868999999999999
-0.18210749999999995
0.20967000000000005
0.37707300000000005
0.49646150000000006
-0.030419333333333323
-0.052809333333333326
-0.15732499999999996
-0.12396000000000003
0.002752000000000006
-0.16795
-1.9025799999999995
-1.8979300000000006
-1.1273200000000012
-0.21450500000000008
-0.5067385000000002
-0.39996999999999994
0.22578492552602467
0.2557786136212625
0.2816163809523811
0.4550545833333334
0.2636344035087719
-0.8301850000000001
-1.3242450000000003
-0.37439500000000003
-0.018142857142857138
-0.9951050000000005
-1.0354837499999996
-1.19291
-2.0793650000000032
-1.9740100000000016
-1.2700400000000003
-1.3223050000000003
-1.236275
-1.045806875
-0.5226149999999999
-0.16713812499999997
0.18514484285714283
-0.3652734999999997
-0.7816481092436973
-1.2434199999999997
-0.9520238235294117
-1.2570850000000002
0.06933166666666665
-0.12035
-0.9539899999999999
0.12004250000000001
-1.1047649999999998
-0.10290098214285713
0.4464404761904766
-0.9936399999999999
-1.00092
-0.5497800000000002
-0.13853100000000004
-0.8830488235294116
-1.7503200000000003
-1.087
-0.7770788235294117
-0.812452666666666
-0.887464375
-0.6354500000000001
-1.3724399999999994
-1.8386500000000023
-2.5836450000000024
-0.8514199999999998
-0.16342571428571429
0.2540067171926911
0.5778482278481016
-0.02037369047619048
-1.191935
-2.0927700000000025
-2.114345
-2.653485000000002
-1.5645850000000008
-1.5244550000000014
-1.3580900000000002
-1.515445
-1.1634049999999996
-1.777665
-1.17584
-1.7157900000000015
-1.5491500000000014
-0.2460249999999999
0.29581458333333344
-0.11103500000000001
-0.24341499999999983
0.32181250000000033
-0.6808200000000001
-0.227655
-0.16639749999999992
-0.46513499999999974
-0.9917855357142861
-1.2479250000000008
-2.3405700000000014
-2.048830000000003
-2.281040000000001
-2.4066400000000017
-1.8286150000000019
-1.081279166666667
-1.010514166666667
-0.60933
-1.1182716666666663
-0.7992000000000001
-0.1393
-0.17230000000000004
-1.1845299999999996
-1.3032050000000006
-1.7462500000000003
-2.027300000000001
-0.8107450000000002
-1.3620450000000002
-1.8331449999999998
-1.4608899999999991
-1.9456249999999995
-2.026405000000002
-1.9777100000000012
-1.6177200000000003
-1.3964949999999996
-1.6650849999999997
-2.0543400000000016
-1.9884850000000016
-1.2100249999999995
-0.6505600000000004
-0.5792750000000003
-1.0378837500000007
-1.6684050000000006
-0.39579000000000014
-0.21660499999999996
-0.12698
-0.09058000000000005
-0.051824999999999975
0.23769309523809543
0.5574041666666664
-0.09408916666666667
0.5051766666666665
0.81532975
0.7565764166666668
0.8883350000000001
1.1862299999999992
1.1872749999999994
0.8247082499999998
0.7823699999999998
-0.2727299999999997
0.5624687500000004
-0.3927000000000001
0.4780371428571428
-0.09319766666666669
0.04834214285714292
0.3621343095238096
0.785291
0.7530795000000002
0.1531349761904762
-0.010859523809523805
-0.8732600000000003
-0.175508125
0.5344353571428573
-0.050735
0.24955630952380944
-0.021397857142857152
0.3237133928571428
0.7114312499999998
0.6754373809523807
0.7310124999999998
0.74900475
0.6588849166666669
0.7409679365079367
0.3549711428571428
0.7799891666666666
0.7294079166666666
0.6715462500000002
-0.6167033333333334
-1.33895
-1.7125350000000008
-0.53383
-0.9345766666666667
-0.3998853333333334
0.3284200000000002
0.4540091666666671
0.16732641949152544
0.6061004166666666
0.2739492261904763
0.9516697500000002
0.9003608333333336
0.5893708974358972
0.9531797500000007
0.6026992307692307
0.62974386965812
0.7545200000000001
1.0697900000000002
0.8350134761904762
0.504300803571429
0.7269504166666668
-0.7288083333333338
0.1844140750443059
0.6236891682692307
0.6945455192307692
0.4094685028248588
0.37987416666666673
0.2582079761904762
0.48221125
0.5546876666666668
0.6047074166666669
0.5181375
0.8028600000000001
0.891615
-0.24733499999999997
0.6134342142857147
-1.2564699999999995
-0.28162000000000004
0.39086291666666667
0.8270400000000006
0.6308262499999998
0.988900714285714
0.8426747500000004
-0.00030785714285715306
0.5795886041666667
1.002695
1.09096
0.7145414166666668
-0.19668500000000005
-0.8301037499999999
-1.8885050000000012
-2.0346250000000015
-0.38205000000000006
0.7196550000000004
0.64444
-0.9839299999999997
-2.148010000000002
-1.762380000000001
-0.7232900000000003
-0.63463
-0.9123200000000006
-0.4770200000000002
-0.8371200000000009
-0.29827000000000004
0.40093666666666655
0.08375000000000002
0.46936936666666645
0.40930541666666675
0.47847166666666674
0.6003191666666668
0.4653510000000003
0.68622
0.8922150000000009
0.8689450000000007
0.8561375000000002
1.1236149999999996
1.1895900000000004
1.0115150000000002
-0.15486499999999995
0.03166999999999999
0.1447250000000001
-1.3152200000000007
-1.8183300000000011
-2.6292249999999995
-2.6941650000000004
-1.0241233333333333
0.14349500000000004
0.6135999999999999
0.66381
0.7095050000000002
0.7294249999999998
0.6716349999999999
0.6910500000000002
0.7219099999999998
0.8746900000000006
0.7516839999999998
0.10982999999999993
-0.10159500000000003
-1.36652
-1.8715050000000013
-1.9363300000000014
-1.914565000000002
-1.3326849999999992
-1.1817399999999998
-0.9321900000000006
-1.7988400000000018
-1.1377750000000004
-0.13847500000000001
0.10657019999999992
0.7726549999999998
0.21612000000000012
0.05787500000000003
0.12125499999999993
-0.12074500000000002
-0.22154500000000005
0.12717333333333328
0.3052674999999999
0.4173088333333338
0.5541939999999999
0.1379908333333333
-0.746165
0.5220678571428573
0.7693110445736435
0.9868438888888891
1.09792
1.2620200000000004
1.290675000000001
1.2728272727272727
1.2497570000000013
1.348386272727273
1.281737272727274
1.311690000000001
1.2332879393939395
1.425910000000001
1.244104166666667
1.335012272727273
1.412690000000001
1.5470775
1.2827025000000003
1.5662874999999996
1.6279750000000004
1.6897300000000004
1.150312000000001
1.6662299999999999
1.3404375000000008
1.38003
1.3018250000000007
1.3108516666666667
1.3405149999999992
1.3845299999999998
1.4774199999999995
1.2429499999999998
1.6406149999999995
1.2239514285714284
1.0214524999999999
-0.08048499999999996
-1.8962600000000018
-2.4317700000000015
-2.0785150000000017
-2.6502499999999993
0.23745499999999978
0.6705399999999996
0.736405
0.1751864285714286
0.5700849999999995
0.6998249999999999
0.47512
0.8238324999999997
-0.002879999999999996
0.1478048333333333
-0.09613500000000003
0.15983499999999995
0.34424583333333336
-0.4881492067736188
-0.710642009803922
0.04916999999999998
0.7915099999999998
0.8845300000000001
0.17752718749999985
0.5262951403508768
0.4871714999999996
0.9044699999999998
1.0926166666666668
1.1669350000000005
1.126615
0.4809577499999995
1.0074899999999996
1.2229900000000002
1.2179255263157898
1.0896650595238098
0.8267495833333335
0.8505895833333327
0.9647316666666663
0.9980212500000002
1.0283374999999992
1.019516666666667
1.1107604761904764
1.16137380952381
1.1298425
1.163854166666667
0.4695149999999998
0.8327512500000002
1.0763649999999998
-1.6392150000000008
-1.475715
-1.3343183333333326
-0.4303550000000003
-1.065635
0.15254466666666666
0.32318500000000006
0.21383000000000008
0.8689866666666665
0.9504765000000005
1.1270900000000004
1.2349049999999995
1.2320649999999997
1.0835050000000002
0.6334583333333329
0.6051933333333331
-0.93267
-1.7706400000000013
-2.226385000000002
-1.8865350000000018
0.14928000000000008
-1.932230000000002
-1.8872300000000013
-0.7957350000000005
-0.8703650000000003
-1.7115249999999997
-2.656520000000001
-1.8732150000000016
-1.0986500000000001
-0.8466599999999996
-0.10079999999999999
0.018085000000000004
-0.45221666666666654
-0.8264899999999997
-0.993961875000001
-0.004746688311688314
0.45264499999999996
0.7072832666666669
0.8345766195887451
0.809139166666667
0.8966654166666669
0.9293804166666664
0.9685154166666666
0.16742499999999993
0.37435049999999975
-0.36817300000000003
0.29943974025974024
0.3658423776223775
0.23391267857142853
0.5106874999999998
0.8913297499999996
0.9113296309523797
0.3019300000000001
0.9133449999999996
0.845529
0.9161040000000001
0.13915216666666658
0.21504749999999995
0.1628133333333334
0.12522625
0.1857175000000001
-1.4272500000000008
-1.0317916666666667
-1.8801650000000012
-2.288290000000001
-1.2636200000000006
-0.9111450000000001
-0.7780450000000001
-2.3373350000000013
-0.6255050000000003
-1.2575749999999999
-2.232315000000001
-0.334645
-0.09175500000000009
-0.33186000000000015
-0.3168400000000001
-1.1098700000000006
-0.9717850000000001
0.09462000000000001
-1.0716700000000001
-1.388995
-2.098000000000001
-1.663815000000001
-1.7937550000000013
-0.7172350000000006
-2.6241000000000003
-0.9005699999999996
-1.908955000000001
-1.6605000000000023
-0.05367999999999995
0.8892471428571429
1.13898
1.1699271428571436
1.1216000000000002
0.8679475000000002
-0.4036945098039217
-1.3078350000000005
-0.5920688235294116
0.38520045454545454
0.7754066666666662
0.5778596666666662
-1.3585600000000002
-0.44553300000000035
0.4128950000000001
0.622494
0.9548700000000006
1.0739485595238094
1.0165650000000006
1.166553333333333
0.9326683333333325
1.067448333333333
0.9714507142857143
0.8724333333333325
0.8513783333333328
0.8679883333333329
-0.7614370000000003
-0.3269338235294118
0.4695939999999997
1.0031566666666658
0.26912750000000013
-0.7302208333333331
-2.7467999999999995
-1.0263649999999997
0.015785000000000028
-1.0023400000000005
0.5221649999999997
0.8584800000000008
0.5836803368421051
-0.13535999999999987
-0.17835999999999996
-0.19209500000000004
-1.0928841666666673
0.10269999999999997
0.6598550000000003
0.7058287499999996
0.6240700595238093
0.83214
0.7345899999999994
0.8975150000000001
0.4694171428571427
-0.8190433333333335
-0.149005
-1.4267050000000003
-2.1251750000000005
-2.165295000000001
-0.4434850000000001
-2.0280200000000006
-0.3087150000000001
0.5487875000000001
0.8949346428571439
0.8346371428571422
0.4556808333333332
0.6653204166666665
-0.40071518716577537
0.6200012500000001
0.8098799999999997
0.3419514999999999
-1.250103
-0.2107043749999999
0.2812350000000001
0.09541964285714277
-2.4002400000000006
-0.6736158333333337
-1.6654350000000009
-0.3173275000000001
0.5784599999999996
1.1332600000000006
0.9491147222222233
0.7620883333333333
-1.441815000000001
-0.5240883333333333
0.40612449999999994
0.044302083333333374
-2.18103
-0.12145000000000007
-0.24503500000000006
-1.2950699999999997
0.20660900000000026
0.27936500000000014
-1.7741600000000026
-1.8562600000000018
-2.615475
-2.3059200000000026
-1.0736300000000005
-1.26834
-0.6419199999999999
-0.6990000000000001
-0.8979849999999999
-0.9579350000000001
-0.8572200000000001
-0.31609999999999994
-0.9628924999999999
0.17488750000000006
-0.09862999999999998
0.5086899999999994
0.4006175000000002
0.07702250000000005
-0.5187054166666665
-0.0036099999999999865
-0.6153750000000001
-1.5980149999999997
-0.3014133333333332
-0.7188449999999997
-0.8210725000000006
-0.2138650000000001
-1.0763143750000013
-0.5742250000000005
-0.055354999999999925
0.6808724999999997
0.9005580000000002
0.9135025
0.8250165000000004
0.788109833333334
0.066155
-0.16979999999999992
-0.08574500000000004
-0.5711291764705885
-0.4659405000000001
0.012202499999999996
0.12793499999999997
0.06114000000000006
-0.31986617647058835
-0.19050999999999982
-1.892010000000002
-2.6552200000000012
-2.6472400000000005
-2.6355400000000015
-2.61254
