0.3172
0.1772
0.11880000000000002
0.122
0.3091
0.1918
-0.19379999999999994
0.0893
0.0377
0.2943
-0.45339999999999997
-0.5489999999999999
-0.3509999999999999
0.012299999999999993
-0.26799999999999996
0.3472
0.3564
0.3976
0.29169999999999996
0.6726000000000001
0.4791
0.5631999999999999
0.8002
0.7133999999999999
0.8064
0.6472
0.8484999999999999
0.44469999999999993
0.38460000000000005
0.4856000000000001
0.042699999999999995
0.533
0.3759
0.5941000000000001
0.6346999999999999
0.38180000000000003
0.8939999999999999
0.5039999999999999
0.6521
0.6088
0.7116
0.8652
0.7507999999999999
0.4029
0.36160000000000003
0.0512
0.48719999999999997
0.5632999999999999
0.6982000000000002
0.38850000000000007
0.12180000000000002
-0.011100000000000006
-0.4521
0.4898999999999999
-0.05420000000000001
0.30619999999999997
0.35539999999999994
0.18
0.7609
0.7022999999999999
0.5534000000000001
0.06670000000000001
0.043199999999999995
0.13099999999999998
0.3176
-0.3097
-0.2552
-0.46180000000000004
-0.5337999999999999
-0.1538
-0.12259999999999997
-0.33510000000000006
0.18450000000000003
-0.08399999999999999
0.5496
-0.14289999999999997
0.14619999999999997
0.6127
0.536
0.5187
0.36579999999999996
0.9010999999999999
0.8129
0.42799999999999994
0.6673000000000001
0.8755
0.9080999999999999
0.8985
0.8566999999999998
0.9648
0.8167
0.7671
0.7164
0.6718000000000001
0.2307
0.3556
0.5312
0.6519999999999999
0.6430999999999999
0.49059999999999987
0.6678
0.7179
0.718
0.45310000000000006
0.6002000000000001
0.7293000000000001
1.018
0.8006
1.0596999999999999
0.9309999999999998
0.7272000000000001
0.9099
0.8011999999999999
-0.3418
-0.6904000000000001
-0.2435
-0.3297
-0.3232
0.09659999999999998
0.0701
0.17229999999999998
-0.1422
-0.30049999999999993
0.11820000000000001
0.24089999999999998
0.21769999999999995
0.37750000000000006
0.5307
0.5686
0.43310000000000004
0.7817999999999999
0.9430000000000002
0.8904999999999997
0.9963000000000001
0.994
0.9103999999999999
0.9158999999999997
0.8272999999999999
1.0513
0.8652
1.0377000000000003
-1.1884000000000001
-1.2298
0.3122
0.7910000000000001
-1.2473
0.5452
0.1547
0.6388
-2.3104999999999998
-2.5225
-1.5106
-0.8507000000000001
-1.6639000000000004
-1.6843000000000004
-2.2589999999999995
-1.8397999999999999
-1.4745000000000001
-1.3999
-1.9817999999999998
-2.7936
-1.4288
-0.22390000000000004
0.1369
-0.10570000000000002
0.3835
0.7683
0.5937
0.7743
0.6573
1.0657
0.8229000000000001
0.39390000000000003
1.0092
1.1435000000000002
0.8453000000000002
0.9054
0.9259000000000001
0.5781000000000001
0.8448
0.8106
0.8271
0.9235
0.1491
0.4562999999999999
0.804
0.7057
0.19079999999999997
0.6697
0.6724
0.7727999999999999
1.1657
0.8301000000000001
0.5586
0.6838000000000001
0.5205
0.26749999999999996
0.36619999999999997
-0.7030000000000001
0.03319999999999999
-0.4673
0.45909999999999995
0.40869999999999995
-0.567
-0.3302
0.07849999999999999
-0.6872999999999999
-0.37789999999999996
-0.2186
-1.1634
-2.1214
-1.2417000000000002
-0.12029999999999999
0.14679999999999999
0.0013999999999999972
0.2678
0.4304
0.5567
0.608
0.2646999999999999
0.6963999999999999
0.7751999999999999
-0.40939999999999993
-2.3725
-0.35469999999999996
0.48210000000000014
0.33819999999999995
0.7127000000000001
0.2875
0.09809999999999999
0.010299999999999998
-1.1383
-2.2744999999999997
-1.6169
-0.8446000000000001
-0.4633
-0.9106000000000002
-0.027399999999999987
0.19619999999999999
0.18839999999999998
0.5436
0.3392
-0.8865000000000001
-2.0738000000000003
-2.3111
-0.8756999999999999
-0.7349
-0.37270000000000003
-0.7041000000000001
0.012500000000000011
0.3398
0.8491
0.2338
0.39039999999999997
-1.0514
0.03040000000000001
0.2257
0.7088
-0.7543
0.4074
0.5462999999999999
0.4098
0.7295
0.49210000000000004
-0.19729999999999998
1.0186
1.0787
0.5447000000000001
0.4607999999999999
0.10130000000000002
0.4986999999999999
0.1384
0.3284999999999999
0.28359999999999996
-0.05349999999999999
-0.5447
-0.021300000000000006
-0.5564
-0.7922
-1.2044
-0.42190000000000005
-0.8173999999999999
-0.8736999999999998
-0.9061
-0.8316000000000001
-1.0546000000000002
-0.6795
-0.07700000000000004
0.4704999999999999
-1.1735
-0.8414999999999999
-0.7441
-0.05249999999999999
0.49799999999999994
0.3902
0.4777
0.35930000000000006
0.7781
0.746
0.8687000000000001
0.5601999999999999
0.6739
0.21869999999999998
-0.9819999999999999
-1.5323
-2.3910999999999993
-0.7914000000000001
-2.6428000000000003
-0.46099999999999997
-2.6498
-1.4425999999999999
-0.187
-0.74
-0.2141
0.4077
0.0407
0.3825999999999999
0.5579999999999998
0.7062
0.473
0.18409999999999999
0.3844999999999999
0.5052000000000001
0.661
0.922
0.7081999999999999
-2.3596
-0.6258
0.1563
-2.6494999999999997
0.03230000000000001
0.20789999999999997
0.4043
0.23559999999999995
-0.40570000000000006
-0.2878
0.40759999999999996
0.33590000000000003
0.47329999999999994
0.11069999999999999
0.3892999999999999
0.3428
0.4788999999999999
0.7512000000000001
0.5729
0.6007
0.6208
0.37059999999999993
0.4739000000000001
0.3742
0.08099999999999999
-0.2041
0.5917
0.5130999999999999
-1.0021
-0.6342000000000001
0.1132
-0.6317999999999999
-0.011899999999999999
0.6886
1.1333
-0.6538
0.17099999999999999
0.3571
0.4405
0.7835
0.6481999999999999
0.5896
0.11739999999999998
0.9221
1.6753
0.3137
0.5254
0.5934000000000001
0.7078
0.8194000000000001
0.7981
0.7682000000000001
0.6488
0.29429999999999995
-0.1725
0.3132
0.8347
0.7151999999999998
0.8577999999999999
0.41689999999999994
0.5607
0.9261999999999999
0.8633
0.6811
0.6975
0.4803
0.7152000000000001
0.7314
0.7484000000000001
-0.20980000000000004
0.35
0.7533
0.5782999999999999
0.6551
0.177
-0.9835
-0.3889
0.44610000000000005
0.6148
-0.3696
0.21509999999999999
-0.35690000000000005
-0.25060000000000004
-1.7789000000000001
-1.2742
-0.5511
0.1759
0.4145
0.2412
-0.5029
-0.6336
-0.2202
-0.14709999999999998
-1.9444000000000004
-0.36380000000000007
0.007499999999999997
0.28400000000000003
-1.329
-1.0023000000000002
-1.4185
-1.0604
-0.5935
-0.7811000000000001
-1.4704
-1.7428000000000001
-2.4298999999999995
-1.6591
-0.8141000000000002
-0.5522000000000001
-0.2028
-0.3718
-0.47570000000000007
-1.2819
-0.613
-0.0682
-0.8976
-0.7317999999999999
-0.0598
0.0379
0.7961
0.39249999999999996
-0.6779999999999999
-0.1626
0.2847
0.6780999999999999
0.9225
1.2399
0.7675
0.4481
0.8324000000000001
0.3983
0.5282000000000001
0.43
0.1686
-0.8040999999999998
-1.4186
-1.1865999999999999
-1.3271000000000002
-1.9304999999999999
-0.7857000000000001
-0.0957
-0.7979
-0.4840999999999999
-0.5353000000000001
-0.5641999999999999
-2.3211
-1.3864
-1.0573000000000001
-0.09920000000000001
-0.022700000000000015
-1.4894
-1.1645
-0.8834
-1.6873999999999998
-1.8297999999999999
-1.6658000000000002
-2.0858999999999996
-2.5675
-1.2379000000000002
0.1597
0.3164
0.06589999999999999
-0.30239999999999995
0.1491
-0.5495
0.1011
0.43479999999999996
0.2908
0.3197
0.4136
0.32399999999999995
0.417
0.4131
0.41830000000000006
0.5730999999999999
0.1278
-1.7723
-1.1501
-0.5292000000000001
0.037099999999999994
0.34269999999999995
-0.7182000000000001
-0.5242
0.5624
-0.3004
0.5403
0.7417
-0.31310000000000004
0.34009999999999996
0.6591
0.7061
0.9715
0.9575000000000001
0.8408
0.5836
0.7144
0.24609999999999999
-0.2774
-1.902
-0.5715
0.2812
0.3661
-2.0300000000000002
-0.39590000000000003
-0.4824
0.11439999999999999
0.30369999999999997
0.3825
-1.7632999999999999
-2.4912
-0.5308999999999999
-1.5557
-0.9158999999999999
-1.5344
-2.5916
-0.7344
-0.4114
-0.8982000000000001
-0.3181
0.4708
0.5551
-0.30040000000000006
0.3376
0.4567
-1.7462
-0.8513999999999999
0.04419999999999998
-0.7157999999999999
-0.5489
-2.1809
-2.7198
-1.6286
-0.9298000000000002
-0.9141999999999999
-0.3604
-0.7548
-2.2285000000000004
-1.6033000000000002
-0.5604
-0.23609999999999998
0.06939999999999999
0.4699
0.1703
-0.8645999999999999
-0.5606
0.25959999999999994
0.3133
0.286
0.2351
-0.0375
0.19140000000000001
-0.13380000000000003
0.0737
-0.1593
-0.45280000000000015
-1.8277
-2.0963000000000003
-2.5887000000000002
-2.2973
-1.4907
-0.6422000000000001
-1.4022999999999999
-1.9156999999999997
-1.3406
-1.8527999999999998
-2.1861
-1.7442999999999997
-1.8911000000000002
-1.7883999999999998
0.047200000000000006
-1.0772
-0.2925999999999999
-0.03099999999999999
-0.9046999999999998
0.42610000000000003
0.024399999999999998
0.3677
0.8013999999999999
0.8684999999999998
0.36669999999999997
0.0773
-0.8652000000000001
-0.242
-0.032499999999999994
0.27879999999999994
0.011199999999999996
-0.5071999999999999
-1.4761
-2.0484
-0.8026
-1.0375999999999999
-1.0219
-0.8044
-2.0267000000000004
-2.1582
-2.6951
-1.4257
-0.7455
-0.7530000000000001
-1.6109000000000002
-1.3506
-2.1517999999999997
-1.3543999999999998
-1.7209000000000003
-0.9384
-1.6358000000000001
-1.2879
-1.3417999999999999
-1.8147000000000002
-0.5287000000000001
-0.11689999999999998
0.5293000000000001
0.7852
0.3765
0.2871
0.4284
0.2862
0.3449
-0.7962
-2.753
-1.5222
-0.4761
-1.1088
-0.9180999999999999
-0.6224
-0.48630000000000007
-0.7682999999999999
-0.9571
-1.2182
-1.6721
-2.6860000000000004
-2.3521
-1.7885000000000002
-0.9296999999999999
-0.6629
-0.0965
0.2399
0.30060000000000003
0.1786
-0.49529999999999996
-0.065
-0.1099
0.49479999999999996
0.18619999999999998
0.6398
0.0671
0.5852
0.6066
-0.11980000000000002
0.1867
0.49939999999999996
0.43010000000000004
-0.4176000000000001
-0.0499
0.2779
0.30839999999999995
0.21100000000000002
0.6255999999999999
0.1163
-0.2472
-0.5864
-0.6812999999999999
-0.6109
-0.1395
0.3981
0.41720000000000007
-0.26630000000000004
-0.5747000000000002
-2.0765
0.07849999999999999
-0.23209999999999997
0.18770000000000003
0.3289
0.06770000000000001
-0.24199999999999994
-0.8779999999999999
-0.8723000000000001
-0.0536
-0.5098
0.129
0.3097
0.5309
0.3118
0.155
0.35969999999999996
0.2009
0.3322
-0.13529999999999998
0.233
0.36910000000000004
0.6434
0.07980000000000001
-0.2824
0.18870000000000003
0.32480000000000003
0.14419999999999997
0.07210000000000001
0.13269999999999998
0.11580000000000004
-0.25759999999999994
0.15640000000000004
0.189
0.175
-0.7183
0.071
-0.3557999999999999
0.023600000000000003
0.015399999999999997
-0.36500000000000005
0.11340000000000001
0.03760000000000001
-0.2023
-0.4436
-0.7178999999999999
-0.22689999999999996
-1.2792
-0.06709999999999999
0.3503
0.1308
-0.07400000000000001
-0.5766
-0.9725999999999999
-0.45620000000000005
-0.24939999999999998
0.12240000000000002
0.029700000000000004
-0.10859999999999999
-0.5189999999999999
-2.4364
-1.6419000000000001
-0.6220999999999999
0.22909999999999994
0.3093
0.3054
0.09189999999999998
-0.08930000000000002
0.018300000000000004
0.2223
0.2036
0.08310000000000002
-0.5413
-0.9004
-0.1928
-0.1729
0.19400000000000003
0.08990000000000001
-0.19249999999999998
-0.18560000000000001
-0.14520000000000002
-2.3275999999999994
-2.5558000000000005
-1.5429
-0.008400000000000001
0.1525
-0.39110000000000006
0.1784
0.28090000000000004
0.31889999999999996
0.18839999999999998
-0.49030000000000007
-0.7092
-0.27819999999999995
-0.6619
-2.1131
-0.9458
-0.6969000000000001
-0.7427
-2.0132
-2.3382
-2.0476
-2.3002999999999996
-2.5663
-1.3926000000000003
-0.4862
0.1526
0.2313
0.33640000000000003
0.20660000000000003
0.1389
-0.5919000000000001
-0.6129000000000001
-0.2578
-0.31520000000000004
-0.5712
-0.8829
-0.766
0.12310000000000001
0.2828
0.47759999999999997
0.47519999999999996
0.32599999999999996
0.44000000000000006
0.7183
0.7110000000000001
0.7949
0.4149
0.6799999999999999
0.7710999999999999
0.9542000000000002
0.05249999999999999
0.34859999999999997
0.5171
0.5609999999999999
0.4344
0.5492
0.10500000000000001
0.4669999999999999
0.3837
0.1238
0.38150000000000006
-0.1876
0.08900000000000001
0.12010000000000001
0.0678
0.4829
0.34720000000000006
0.44329999999999997
0.014300000000000002
-0.2486
0.013299999999999979
-0.6612000000000001
-2.2386
-2.5233999999999996
-1.0151
-1.2627
-2.2163999999999997
-2.708500000000001
-0.8154
-0.047299999999999995
-0.22999999999999998
0.13509999999999997
0.14540000000000003
0.1673
0.2524
-0.6063
-0.8653000000000001
0.09419999999999999
-0.3086
-0.08830000000000002
-0.01869999999999998
-0.4993
-0.03989999999999998
-0.11339999999999997
-0.8662000000000001
-2.1686
-0.6063999999999999
0.07709999999999999
-0.042199999999999974
0.4144
0.17880000000000001
0.6103
0.3507
-1.1801
-0.607
0.05129999999999998
-1.5947
-0.2459
0.15960000000000002
0.11530000000000003
0.4042
0.10069999999999998
0.1112
0.2586
0.08819999999999999
0.0637
0.06210000000000002
0.24190000000000006
0.12070000000000003
0.28969999999999996
-0.30250000000000005
0.2097
0.31070000000000003
-1.5816
-2.3728
-2.4457999999999998
-1.0955
-1.3743999999999996
-0.42189999999999994
-0.15380000000000002
0.2707
0.06219999999999999
0.11079999999999998
-0.27449999999999997
0.2689
0.1926
0.13169999999999998
-0.9369000000000002
-0.1977
-0.4142
-1.1423999999999999
-1.8916000000000004
-0.8959000000000001
-0.0385
-0.8092
-0.625
-1.8086000000000002
-2.3424
-0.8127000000000001
-0.4448
-0.4226
-0.25379999999999997
-0.5281
-0.4246999999999999
-0.12290000000000001
-0.05170000000000001
0.034799999999999984
0.00569999999999999
-0.9157
-0.4931
-0.014799999999999997
-0.015999999999999993
0.3267
-0.05750000000000001
-0.6155
-0.5625
-0.6901
-0.6473000000000001
-0.5149
-0.39659999999999995
-0.6721999999999999
-0.20940000000000003
-0.05389999999999998
0.1937
0.6315999999999999
0.8844
0.6557000000000001
0.9345000000000001
1.0006
0.5647
0.0204
0.11310000000000002
0.2244
-0.29300000000000004
0.143
0.15350000000000003
0.25969999999999993
0.4135
0.6584
-1.6982999999999997
-1.6424999999999996
0.06160000000000001
-1.0916000000000001
-1.5194999999999999
-0.5780999999999998
-0.4867
-0.6939
-0.3542
-0.1266
-0.1372
-0.5467000000000001
-0.6423000000000001
-0.6318
-1.9069000000000003
-2.4488
-1.5718
-0.09480000000000002
0.2021
0.17099999999999999
0.0324
0.2558999999999999
0.5279999999999999
0.5823000000000002
-0.18139999999999995
-1.326
0.1378
0.5287999999999999
0.18630000000000002
0.1436
-0.7125
-0.18169999999999997
-0.2068
0.41069999999999995
0.39220000000000005
0.33530000000000004
0.4845
0.275
0.2504
-0.13630000000000003
-0.4633
-0.5562
-0.5019
-0.4856
0.057800000000000004
0.2222
-0.05710000000000002
0.35530000000000006
0.7874000000000001
1.1683999999999999
0.9556999999999999
1.0127000000000002
1.3731000000000002
-0.49119999999999997
0.43420000000000003
0.5349
0.4313999999999999
0.48390000000000005
0.2851
0.4545
-0.0346
-0.3356
-0.37689999999999996
-0.07260000000000001
-2.4859
-1.8001999999999998
-0.6087
-0.32169999999999993
0.31760000000000005
0.6673
0.3762
-0.6148
-2.5813
-0.6178
-1.5308000000000002
-1.6204
-0.6245
0.0883
0.5706
0.5270999999999999
0.4328
-0.6493
-0.33659999999999995
0.3648
0.16309999999999997
0.22790000000000005
0.754
0.7721000000000001
0.26530000000000004
-0.43660000000000004
0.18639999999999995
-1.5162000000000002
-0.18719999999999998
0.41719999999999996
-0.2351
-0.7804
0.46799999999999997
0.5708
0.2512
-0.6496
-1.4887000000000001
0.543
0.8036
-0.49879999999999997
-0.4992
0.2048
0.35
0.741
0.6648000000000001
-1.1228
-0.8173
-0.31429999999999997
-0.4394
-1.6942
-0.1041
-0.6621999999999999
0.3337
0.09349999999999999
-0.3684
-0.5968000000000001
-0.3516
0.4789
0.274
0.6219
0.6199000000000001
0.8110000000000002
-0.6251
0.45459999999999995
-0.48979999999999996
0.2794
-0.30720000000000003
0.7265
0.40730000000000005
-0.6346
0.3295
0.4492
0.2185
0.6103999999999999
-0.44889999999999997
0.2180999999999999
0.7781
-0.13559999999999994
-0.7095
-0.7708999999999999
-0.7002999999999999
-0.17800000000000002
-0.6756
0.32
0.23819999999999997
0.21790000000000004
0.4170000000000001
0.22359999999999997
-0.3559
0.1478
0.1784
-0.2589
0.35439999999999994
-0.1771
0.4888
-0.1596
0.6098
-0.5553
-0.6563
0.0714
0.1816
0.1283
-0.3893999999999999
-0.8933
-0.1578
0.1378
0.2718
0.6291
0.6419
0.4373
0.7631000000000001
0.7681000000000002
1.0215999999999998
0.6668000000000001
0.8235000000000001
-0.7953000000000001
0.1608
-0.5509999999999999
0.06490000000000001
0.0492
0.44020000000000004
-0.181
-0.4342
-1.4444000000000001
-0.5115999999999999
0.0027999999999999913
-0.19539999999999996
0.18380000000000002
0.2242
0.046099999999999995
0.014100000000000001
-0.030500000000000006
0.07809999999999999
0.1459
0.45010000000000006
0.35340000000000005
1.0763000000000003
0.9504999999999999
0.7977000000000001
0.7075
-0.3197
-0.0806
-0.14300000000000002
-0.2263
-0.3737000000000001
0.45569999999999994
0.5566
0.9269999999999999
0.9402000000000001
1.0439
0.7491000000000001
0.48440000000000005
0.6961999999999999
0.8522000000000001
0.8177999999999999
0.2132
0.30929999999999996
0.12589999999999998
0.20269999999999996
0.5560999999999999
-0.7769999999999999
-0.5168
0.517
-0.6725000000000001
-0.22310000000000002
-0.3173
-0.24289999999999995
-0.6229
-0.2892
-0.14259999999999998
0.0278
-0.14439999999999997
-0.19799999999999998
-0.24699999999999997
0.18669999999999998
-0.45500000000000007
-1.293
-1.6771
-1.0811
-0.9099999999999999
-0.6168
-0.1422
-0.4002
-0.33509999999999995
-0.6769999999999999
-0.5224
-0.1524
0.015199999999999991
0.21919999999999998
0.03149999999999999
0.2068
0.005500000000000002
-0.05849999999999998
-0.21959999999999996
-0.5029000000000001
0.5511000000000001
0.5523
0.55
0.6964999999999999
0.6127
0.23490000000000003
0.31779999999999997
0.6431
0.5816
0.5654000000000001
0.6195999999999999
0.5346999999999998
0.5893999999999999
0.3618
-0.4511
-0.6022000000000001
0.19250000000000003
-0.5225000000000001
-0.1981
-0.08249999999999999
-1.3979
-0.8424999999999999
-2.0355
-2.0375
-2.2920000000000003
-2.2310000000000003
-1.7681999999999998
-0.3796999999999999
0.23239999999999994
0.251
0.2881
0.35209999999999997
0.24489999999999998
0.3077
0.4485
0.29389999999999994
0.39209999999999995
0.1647
0.25250000000000006
0.3467
-0.22139999999999999
-0.3316
0.1647
0.282
0.18499999999999997
-0.7777999999999998
-0.062199999999999964
0.1881
0.3319
0.3848
0.36960000000000004
0.5601999999999999
0.254
0.11279999999999998
0.225
0.36310000000000003
0.38980000000000004
0.2733
0.040600000000000025
-0.2186
-0.4739
-0.21839999999999998
-0.3842
-0.5961000000000001
-0.6468
-0.2968
-0.6940999999999999
-0.5895
-1.1919
-2.0222999999999995
-1.3616
-1.9537000000000002
-1.2399
-0.9279
-2.5407
-2.5738000000000003
-2.4327
-2.6927
-1.8893
-0.6335999999999999
-0.1265
-1.3956999999999997
-0.4236
-2.3116999999999996
-1.9925000000000002
-0.2994
-2.0448999999999997
-1.4168999999999996
-0.6358
0.42679999999999996
-0.5058
-0.3187
-0.5964
-1.0849
-1.069
-1.2818999999999998
-0.4757000000000001
-0.7566999999999999
-0.07569999999999999
-0.0392
-0.22059999999999996
-0.13200000000000003
0.13920000000000002
0.42539999999999994
0.5901000000000001
0.08580000000000003
0.013400000000000013
0.026400000000000014
0.059599999999999986
-0.17499999999999996
-0.036600000000000014
-1.9241999999999997
-1.9293999999999998
-0.9724999999999999
-0.3013
-0.4367000000000001
-0.5124000000000001
0.23500000000000004
0.1256
0.32320000000000004
0.6301000000000001
0.16240000000000002
-0.7062
-1.4554999999999998
-0.1467
-0.033400000000000006
-0.6403000000000001
-0.8309000000000001
-1.3763999999999998
-1.9789
-1.9172000000000005
-1.1327
-1.3474
-1.2434999999999998
-0.9232999999999999
-0.5342
0.0008999999999999897
0.13090000000000002
-0.0746
-0.6463999999999999
-0.9935999999999998
-0.7971999999999999
-0.8419000000000001
0.11519999999999997
0.08839999999999999
-0.6583
0.07459999999999997
-1.0037999999999998
0.3
0.2071
-0.686
-0.7583
-0.5456
0.1457
-0.8385
-1.6070999999999998
-0.8603999999999999
-0.7685
-0.9535
-0.6416000000000001
-0.37150000000000005
-1.2769
-1.6748
-2.5423
-0.761
-0.11590000000000003
0.2931
0.6135
0.21270000000000003
-0.9861000000000001
-2.2586
-1.9487999999999999
-2.5278
-1.0689
-1.3321
-1.2204000000000002
-1.4862999999999997
-1.2577
-1.7068999999999999
-1.2812
-1.7548
-1.5253
-0.23169999999999996
0.2117
-0.5362000000000001
-0.5155000000000001
0.056999999999999974
-0.7503
-0.44939999999999997
-0.2499
-0.3605999999999999
-1.2109999999999999
-1.1093999999999997
-2.4241
-1.8862
-2.3205999999999998
-2.4492000000000003
-1.954
-1.0989
-1.0779999999999998
-0.5174000000000001
-0.8545999999999999
-0.9301999999999999
-0.2517
-0.10330000000000003
-1.1693999999999998
-1.1127999999999998
-1.6712999999999998
-1.9657999999999998
-0.27780000000000005
-1.5021999999999998
-1.8476
-1.5955
-1.9754
-2.0935
-1.8512
-1.6395999999999997
-1.5753999999999997
-1.6918999999999997
-2.0632
-1.9446999999999999
-1.2160999999999997
-0.40439999999999987
-0.6485
-1.0486
-1.7417000000000002
-0.34559999999999996
0.1286
0.0722
0.153
0.024499999999999977
0.7293000000000001
0.4922000000000001
-0.4337
0.27840000000000004
0.9982
0.5588
0.9626999999999999
1.3943
1.449
0.8877
0.9721
-0.30679999999999996
0.3003
-0.2323
0.3547
-0.1838
-0.1062
0.704
0.9177
0.9821000000000002
-0.05739999999999997
-0.2772
-0.8629000000000001
-0.07700000000000001
0.5359
-0.15330000000000002
0.11709999999999998
-0.08019999999999997
0.16290000000000004
0.8769000000000002
0.5653
0.9543999999999999
1.0219
0.8045
0.7589000000000001
0.2347
0.969
0.9836000000000003
0.6606
-0.4713
-1.2192
-1.5761
-0.3581
-0.7344
-0.49850000000000005
0.37890000000000007
0.2851
0.1894
0.26180000000000003
0.2731
0.9797999999999998
1.0088000000000001
0.4302
1.3146
0.44519999999999993
0.6376999999999999
0.9328000000000001
1.1619
0.6922000000000001
0.6118
0.7646
-0.5517000000000001
0.27169999999999994
0.6285999999999999
0.5710999999999999
0.49960000000000004
0.39259999999999995
0.011499999999999988
0.37489999999999996
0.3393999999999999
0.5054000000000001
0.4104
0.9729999999999999
0.9588999999999999
-0.22730000000000006
0.4798
-1.1029
-0.41719999999999996
0.6137
0.7686
1.0004
1.2787000000000002
1.3108
0.1445
0.7101
1.3117
1.3801999999999999
1.021
-0.26360000000000006
-0.8083
-1.7010999999999998
-2.1374000000000004
-0.39580000000000004
1.0145
0.7086999999999999
-0.9426
-1.9823999999999997
-2.1603000000000003
-0.5559999999999998
-0.7215999999999999
-1.0351
-0.32180000000000003
-0.9521000000000001
-0.2514
0.5706
-0.041599999999999984
0.3685
0.3194
0.2925
0.5851
0.4171
0.1322
0.9841
0.9169
1.0771000000000002
1.7096
1.6916
1.0585
-0.11250000000000002
0.051900000000000016
0.46150000000000013
-1.0653000000000001
-1.5911000000000002
-2.6596
-2.646
-0.6504
0.3184
0.5720000000000001
0.6776000000000001
0.7804000000000001
0.6083999999999999
0.5203
0.7552
0.9195
0.877
0.6171
0.0837
-0.022699999999999998
-1.1449000000000003
-1.7391999999999999
-1.809
-1.5553000000000001
-1.2036
-1.0873
-0.9508000000000001
-1.7848000000000002
-0.924
0.05379999999999998
0.3564
0.6679999999999999
0.4904
0.5314
0.34930000000000005
-0.024
-0.25289999999999996
0.28049999999999997
0.46790000000000004
0.6988999999999999
0.3725
0.4143
-0.6909
0.28800000000000003
0.4988999999999999
1.0588
1.0299
1.5058
1.5796
1.5746
1.4975
1.5927
1.4589
1.4901
1.1683999999999999
1.6875
1.1137000000000001
1.6718
1.6547999999999998
1.6576999999999997
1.4284
1.6765
1.7186999999999997
1.7497
1.3887
1.7154
1.6759999999999997
1.1708
1.2865
1.2883
1.6504999999999999
1.6549
1.6975000000000002
1.3005
1.884
1.1747999999999998
1.0152
-0.05150000000000001
-1.7953
-2.4899999999999998
-1.8074999999999999
-2.6372999999999998
0.5980000000000001
1.0432000000000001
0.7870999999999999
0.11599999999999999
0.6293
0.9940000000000001
0.5009
0.8042
0.09309999999999999
0.2782
-0.06170000000000001
0.3262
0.1613
-0.5640000000000001
-0.47000000000000003
-0.06690000000000002
0.7518
0.8541000000000001
0.3926
0.6468999999999998
0.6488000000000002
0.6880000000000001
1.1174
1.2417000000000002
1.0962
0.5563
1.0366
1.1619
1.2753999999999999
1.3079
0.8450000000000001
0.5424
0.9216000000000001
1.0509
1.0377
0.9659000000000001
1.2407
1.3183000000000002
1.0560999999999998
1.2555
0.48810000000000003
0.6788000000000001
1.1077
-1.7631999999999999
-1.4555
-0.9789000000000001
-0.5035
-1.0265
0.10709999999999997
0.3271
0.41949999999999993
0.7676999999999999
1.0816
1.235
1.0647
1.0426
1.2186
0.3895
0.5506
-0.9128999999999999
-2.1064
-2.5449999999999995
-1.895
-0.0065999999999999835
-2.2739
-2.1469
-0.6352999999999999
-0.5187999999999999
-1.2989000000000002
-2.5608
-2.14
-1.1408
-0.6332
-0.1237
0.09789999999999999
-0.25139999999999996
-0.8797999999999998
-0.8133999999999999
-0.0379
0.23299999999999996
0.8793999999999998
0.8327
0.5317
0.9033999999999999
0.9094000000000001
0.8347999999999999
0.2479
0.4081
-0.49210000000000004
0.18550000000000003
0.368
0.07110000000000001
0.347
0.8403
0.8631
0.38289999999999996
1.0158
0.8696999999999999
0.97
0.12619999999999998
0.19690000000000002
-0.026100000000000005
0.08859999999999998
0.2354
-1.2309
-0.9685
-1.8887
-2.3356
-1.5562999999999998
-1.0027
-0.8918999999999999
-2.3275
-0.47619999999999996
-1.0050999999999999
-2.3794
-0.356
0.08630000000000002
-0.2479
-0.34929999999999994
-0.9507
-0.9178
0.1257
-1.1774999999999998
-1.6919000000000004
-2.3108
-1.8418000000000003
-1.7599
-0.6415
-2.6375
-0.6591999999999999
-2.2011
-1.134
-0.1363
0.7274
1.0137
1.0615
0.9524999999999999
0.6538999999999999
-0.5231
-0.9328
-0.43249999999999994
0.262
0.6844000000000001
0.42569999999999997
-1.6747999999999998
-0.5434
0.5537000000000001
0.6975
1.0632
0.9410000000000001
1.0814
1.0118
0.835
1.1545
0.9455000000000002
1.0556
0.6838
0.7956999999999999
-0.47989999999999994
-0.36329999999999996
0.30100000000000005
1.1644
0.12899999999999998
-0.7135999999999999
-2.6709
-1.0112999999999999
0.4915
-1.0413999999999999
0.9012
0.9707000000000001
0.7988999999999999
-0.12610000000000002
-0.07370000000000002
-0.1442
-0.8145
0.16960000000000003
0.5810000000000001
0.8807
0.7085000000000001
0.8724999999999999
0.5240999999999999
0.9354999999999999
0.24719999999999995
-0.9066000000000001
-0.17070000000000002
-1.5236
-1.8587000000000007
-2.1482
-0.5407
-2.0002
-0.7067000000000001
0.445
0.7129000000000001
0.7948000000000001
0.46630000000000005
0.20660000000000003
-0.41050000000000003
0.37070000000000003
0.7067
0.34809999999999997
-1.6037999999999997
-0.10429999999999999
0.1984
-0.0617
-2.4101999999999997
-0.45339999999999997
-1.6747
-0.3386
0.7929
1.1598
0.9825999999999999
0.2751
-1.8497999999999997
-0.6847
0.2701
0.0722
-2.5949
0.1238
-0.003800000000000037
-1.0543000000000002
0.248
0.131
-2.1834999999999996
-1.7363
-2.6574999999999998
-2.5576999999999996
-0.99
-1.1145
-0.7304999999999999
-0.6739999999999999
-0.9259999999999999
-0.7453
-0.9867999999999999
-0.20739999999999995
-0.565
0.2323
0.010200000000000032
0.4822000000000001
0.46110000000000007
0.37370000000000003
-0.6902
0.2509
-0.6891999999999999
-1.8573
-0.3074
-0.8403
-0.6345
-0.04660000000000003
-0.8149
-0.5203999999999999
0.3134
0.5638
0.7005000000000001
0.7929999999999999
0.8309000000000001
0.8525
0.2399
-0.07640000000000004
0.04539999999999996
-0.5389999999999999
-0.5877999999999999
0.09330000000000001
0.20039999999999997
0.0007999999999999896
-0.27159999999999995
-0.024900000000000023
-2.2346
-2.5789999999999997
-2.5721
-2.5389
-2.6757999999999997
