0.2936443
0.25366563
-0.019084096
0.20576718
0.39580172
0.23103672
0.035736233
0.12879327
0.08531371
0.20459571
-0.51225924
-0.5916747
-0.42578483
0.12644058
-0.1801737
0.16360673
0.4224733
0.4912455
0.37714624
0.6487442
0.6643191
0.57516676
0.7102976
0.75760317
0.8056917
0.73844737
0.8517233
0.4429745
0.37233198
0.2761023
0.16573295
0.5383905
0.388615
0.58003443
0.5130206
0.23761448
0.56303287
0.37922388
0.38677272
0.54772544
0.5475744
0.8575652
0.68548316
0.35450876
0.32147422
0.06551471
0.34505162
0.5581928
0.5442363
0.4197614
0.09580842
0.097159564
-0.090752184
0.34022105
0.010810375
0.29749408
0.31175846
0.15455467
0.6690783
0.60655266
0.7115537
0.011939198
-0.040379107
0.0399628
0.27339166
-0.17326671
0.033596665
-0.21569484
-0.47279668
-0.47687328
0.03883639
-0.31530434
-0.0008506775
-0.014718175
0.4577664
-0.26454622
0.18759379
0.5032854
0.67162246
0.6015449
0.6031716
0.6655448
0.62790525
0.39504436
0.8405899
0.93967724
0.99286056
0.95838773
0.915666
0.96623254
1.0259115
0.8808677
0.71839046
0.87287545
0.13877288
0.3430805
0.5139235
0.66584396
0.63829935
0.61413383
0.78111535
0.63847595
0.70977026
0.5097606
0.6365124
0.8333241
1.0828946
1.1949875
1.0978472
0.86811376
0.93626606
0.81644046
1.0671663
-0.17480123
-0.47464138
-0.4189154
-0.26342922
-0.36380637
-0.13812077
0.16934434
0.15525392
0.0030395985
-0.28229564
0.19724044
0.12566927
0.18204564
0.41583073
0.6615421
0.67151916
0.4286481
0.8567805
1.1319315
1.0935619
0.96608603
1.0569541
1.1698403
0.8737807
0.7146879
1.0878035
0.72865844
1.0281992
-1.0125755
-1.2216918
0.34819335
0.69809407
-1.2115226
0.6143174
0.20951489
0.6320723
-2.4089353
-2.6231823
-1.653152
-0.9430163
-2.0204322
-1.9006677
-2.671522
-1.913177
-1.6859999
-1.4717133
-2.4160376
-2.9036276
-1.7408764
-0.68473744
-0.16170627
-0.19885248
0.277979
0.66630906
0.5757466
0.7524375
0.7529192
1.0486748
0.88827467
0.28986025
0.9658997
1.1791532
0.9976299
0.9562911
1.1823409
0.54710907
1.0108869
0.77071714
0.92811966
1.0577321
0.058857948
0.68942714
0.81123984
0.9135847
0.15700647
0.5963057
0.45856073
0.5495538
0.8554261
0.735025
0.48917446
0.624416
0.30586183
0.12540913
0.17599308
-0.7514198
0.07970706
-0.39158642
0.09762147
0.29748362
-0.29862416
-0.50666237
0.09668061
-0.2551921
-0.14037144
-0.32868427
-0.846151
-2.6753118
-1.2121892
-0.09961885
0.081519514
-0.26834977
0.24911195
0.3103412
0.3663988
0.5092498
0.43405074
0.6060836
0.91756976
-0.15647978
-2.3218615
-0.7244799
0.588173
0.12775055
0.7939879
0.38147613
0.030515015
-0.0837639
-1.0886227
-1.9725919
-1.5484686
-0.9219619
-0.77238154
-0.84249926
0.041668087
0.0094076395
0.037985682
0.35556832
0.42900226
-0.5391674
-2.013416
-2.2197652
-1.1583599
-1.0121284
-0.75908506
-0.82747436
-0.3141042
0.3084393
0.6471577
-0.07053518
0.12917545
-1.0146203
-0.120661736
0.07739231
0.46514848
-0.6761973
0.12391606
0.04477775
0.25244665
0.68793726
0.2454423
-0.21295142
0.73408115
1.0183024
0.40482676
0.37515545
-0.45383322
0.3260417
-0.15747935
-0.1362983
-0.22259176
-0.36884087
-0.8237331
-0.09075177
-0.7452173
-0.87100816
-1.0679822
-0.6428137
-0.93153226
-0.8787819
-1.0717258
-0.8910415
-1.0501477
-0.58322453
-0.0178684
0.11090541
-1.2004918
-0.5861429
-0.8585372
-0.11231303
0.41589996
-0.009572685
0.094257
0.099321425
0.65562963
0.69421554
0.72957873
0.42928854
0.6202408
0.09231418
-0.84997916
-1.5197768
-2.5936308
-1.204046
-2.6485498
-0.42486805
-2.5752501
-1.4743755
-0.4459378
-0.75137377
-0.108722925
0.061607003
0.18847746
0.4297714
0.331993
0.46316957
0.2344617
0.06774452
0.28250566
0.7058183
0.9125657
0.93335855
0.31991902
-2.4214385
-0.4132797
0.104973584
-2.3688455
-0.085317194
0.17317659
0.18842885
0.23155078
-0.38662142
-0.43179506
-0.10749942
0.16242337
0.25003904
0.11525044
0.11160901
0.03195876
0.4478205
0.7054008
0.39789557
0.64219546
0.6672233
0.26962948
0.33829367
0.19601661
0.1955142
-0.05362171
0.2503907
0.6365193
-0.66480064
-0.55257475
0.15535691
-0.54379964
-0.105400264
1.1482611
1.0729647
-0.50009954
0.1264157
0.57414657
0.2823769
0.9195362
0.79857516
0.37326556
-0.010739505
0.6813454
1.6309992
0.39312747
0.5228421
0.6847551
0.8960686
1.1354208
0.85259485
1.2288544
1.0418978
0.24182716
-0.30054426
0.3010848
0.53648245
0.7606473
0.7296617
0.28280818
0.70497155
0.8617145
0.7719296
0.8573458
0.7093514
0.38049713
0.6256517
0.5042937
0.6802857
-0.33763993
0.2574217
0.59964705
0.64645076
0.41792294
0.0640589
-0.7074294
-0.20514715
0.23310643
0.56998366
-0.29503822
0.10694215
-0.09220564
-0.24882251
-1.68835
-1.3467857
-0.51867306
0.011718541
0.24037
0.027268857
-0.5602195
-0.39531845
-0.2891556
-0.25188112
-1.7482715
-0.4788462
-0.011120081
-0.034105897
-1.4167895
-1.3926144
-1.460119
-1.090996
-0.7722231
-0.82074785
-1.451843
-1.9145126
-2.5635834
-1.6034024
-0.87350285
-0.46889466
-0.2965271
-0.46067667
-0.55349207
-1.0788584
-0.8641113
-0.22684252
-0.9270661
-0.8133398
-0.24897212
0.0034961402
0.41901535
0.138975
-0.8209034
-0.17640346
0.32077885
0.6209359
0.7424461
0.6904148
0.7503431
0.5587003
0.69718933
0.4342179
0.672379
0.44569343
0.27095604
-1.1124932
-1.4371644
-1.4209046
-1.3932183
-1.6726208
-1.0938076
-0.32166845
-1.0325499
-0.7964827
-0.7816497
-0.83622015
-2.3977926
-1.4686811
-0.764662
-0.09729946
-0.40087938
-1.6049612
-1.337654
-1.2278173
-2.2505755
-2.246714
-1.5556757
-2.4675307
-2.2999637
-1.4107065
0.05799222
0.18701199
-0.0784623
-0.44253397
0.11688015
-0.30153447
-0.078492105
0.4918706
0.4424428
0.42123368
0.64236784
0.3772871
0.5184949
0.49861372
0.4238199
0.500034
-0.06915671
-1.7591231
-0.9751942
-0.64934313
-0.14365423
-0.13423717
-1.077558
-0.6690781
0.18683377
-0.3329444
0.47361144
0.7822691
-0.4360261
0.80573595
0.6943858
1.0711974
1.2399361
1.2054936
1.1484063
0.89815414
0.9546385
0.59762233
-0.389632
-1.5675459
-0.9884089
0.09200242
0.5948895
-1.7027216
-0.7133055
-0.52900493
0.06906006
0.312159
0.41005895
-1.5628273
-2.4310498
-0.3458346
-1.4318836
-0.89847136
-1.8020694
-2.566601
-0.9894234
-0.38903946
-0.8994249
-0.2221151
0.50401324
0.3916104
0.011130601
0.42491612
0.6532265
-1.0050081
-0.6239042
-0.111807644
-0.37553042
-0.39461827
-2.2648253
-2.3844233
-1.6413295
-0.83880913
-0.8786591
-0.4190368
-0.2988041
-2.3065426
-1.3041245
-0.37136072
-0.027743042
0.23684302
0.43104213
-0.14782679
-0.7577361
-0.7486557
0.12377998
0.71095014
0.3468195
0.5366289
-0.18571615
0.05971697
0.11955872
0.05772391
-0.094925344
-0.42608988
-1.5988431
-2.005527
-2.3959913
-2.0885496
-1.3155626
-0.7556616
-1.4503257
-2.118034
-1.2186644
-1.9258304
-2.047233
-2.0151136
-2.4937246
-1.9984837
-0.16915017
-0.89108527
-0.47786015
-0.37087435
-0.91025984
0.1978555
-0.10943943
0.24228895
0.89661604
0.9162858
0.4155562
-0.31614912
-1.187424
-0.47058183
0.06823316
0.21234268
0.13793832
-0.36737984
-1.2644416
-2.1704519
-1.0703628
-1.101613
-1.109204
-0.9811448
-1.8609905
-2.5919397
-2.7575972
-1.4056698
-1.057424
-0.920969
-1.9191048
-1.398523
-2.2449384
-1.8897219
-2.0931373
-1.2925315
-1.4729575
-1.8147333
-1.8391626
-1.9736664
-0.8068036
-0.18268538
0.21507904
0.1983889
0.063105404
0.16414994
0.16541126
0.08729994
0.11462554
-0.87718344
-2.8627138
-1.4402437
-0.5967288
-1.0945355
-0.9861561
-0.9554783
-0.20875585
-0.89280474
-1.241708
-1.5253313
-1.9983041
-2.6636972
-2.5516267
-1.9948046
-1.0366619
-0.81923366
-0.054597557
-0.307312
-0.0130108595
0.12116319
-0.7054862
-0.27836072
-0.46529198
0.29536873
-0.015925884
0.3710866
-0.22954673
0.30072927
0.414715
-0.17276978
0.05884227
0.25456464
0.37178397
-0.5249157
-0.04718733
0.16074932
0.3330465
0.44269794
0.4856783
0.17883411
-0.37651944
-0.5006623
-0.3902977
-0.3325554
-0.24756223
0.24228975
0.39956236
-0.45470345
-0.6010417
-2.3388495
-0.029907525
-0.3905247
0.061394274
0.07732344
-0.036088586
-0.9358847
-0.9769478
-1.0703965
-0.22574878
-0.49884468
-0.055495262
0.15875188
0.33777243
0.39608297
0.20614818
0.31404865
0.17230728
0.21447551
-0.024218202
0.20824063
0.2993806
0.37099695
0.23652294
-0.32219553
0.13340339
0.35506004
0.19134551
0.12166765
-0.028662384
0.37710482
-0.23951662
0.014542788
0.23043749
0.20277914
-0.81383526
-0.4348265
-0.33166534
-0.117547095
-0.03243357
-0.08013046
-0.0660792
0.0867604
-0.07350731
-0.40373272
-0.5843836
-0.53264594
-1.3190897
-0.13903451
0.40028554
0.41855603
-0.25406682
-0.59360194
-1.0533907
-0.5818211
-0.1236555
0.11649728
-0.0664143
0.13938746
-0.51175535
-2.3605356
-1.5470159
-0.71120274
0.035990715
-0.005053282
0.35758346
0.101006985
-0.16181254
-0.3582669
-0.064887226
0.092767954
0.09300321
-0.5715296
-1.2279556
-0.3983218
-0.418127
0.083575994
0.061905563
-0.4156567
-0.31936926
-0.32088482
-2.3102617
-2.4872136
-1.8119397
-0.08090007
-0.07752037
-0.3287146
0.24388736
0.30492264
0.46185315
0.13925177
-0.42376697
-0.5353451
-0.28086352
-0.67545545
-1.8472421
-1.1741772
-1.1444304
-0.99225223
-2.110256
-2.2926278
-2.1227582
-2.345016
-2.4675472
-1.5684764
-0.36460954
0.05657634
0.018714458
0.24572718
0.23783821
0.13863942
-0.8302716
-0.81189716
-0.22772598
-0.033166587
-0.37137574
-1.6595917
-0.98932433
-0.17541909
0.103003085
0.5169851
0.5112949
0.25533462
0.53230697
0.7548576
0.9069451
0.8090406
0.3622542
0.6849951
0.7999219
0.92515576
0.09184918
0.31041068
0.3674119
0.50866544
0.43710726
0.34823656
0.20311955
0.44558808
0.3549617
0.17394271
0.5227214
-0.17865068
0.20530158
0.12285131
-0.07386488
0.33914483
0.52633125
0.61660194
0.07836446
-0.5495851
-0.21025473
-0.5900477
-2.286838
-2.5159574
-1.1572813
-1.488612
-2.4543908
-2.693468
-1.0534464
-0.22643864
-0.42612153
-0.033105135
0.27335784
0.17890248
0.06389496
-0.88523626
-0.8732569
-0.23675984
-0.13943762
-0.42097098
-0.2508669
-0.5947635
-0.012557924
-0.031002522
-0.7789358
-2.2209516
-1.0630974
0.27568698
0.07379535
0.05166623
0.35309938
0.58750665
0.030831277
-1.2790573
-0.5651095
0.010804892
-1.5451434
-0.3084525
0.061015844
-0.21860504
0.1376099
0.027683169
-0.006104827
0.2704199
0.1753985
0.08065596
-0.18093503
0.37299448
-0.07672858
0.04035896
-0.25400347
0.0145127475
0.16119006
-1.43175
-2.5874119
-2.4889643
-1.0412728
-1.4124495
-0.4053315
-0.20419204
-0.022536814
-0.14714307
-0.03242773
-0.086533606
0.042865872
-0.032793045
0.05078116
-1.0149279
-0.43832892
-0.46200413
-1.1445782
-2.1548927
-0.91778743
-0.26622897
-0.85706496
-0.54236984
-1.9241779
-2.412896
-1.3178003
-0.3750887
-0.4542877
-0.16299987
-0.494224
-0.3965171
-0.28543204
-0.09199816
-0.0008993149
-0.049742103
-1.0162418
-0.4584512
0.089408815
-0.0603894
0.16893059
-0.30740142
-0.42967945
-0.5034007
-0.7546704
-0.50007784
-0.61198735
-0.58249533
-0.7230333
-0.24189103
-0.34361148
0.1869807
0.5538697
0.6890922
0.7876384
0.5297351
0.71827817
0.44190192
0.09977439
0.025349945
-0.07924855
-0.63777804
0.010734886
-0.0824672
0.030937135
0.32821572
0.42177686
-1.3283007
-1.5053394
-0.15700877
-1.1221898
-1.3966197
-0.6908952
-0.950467
-0.77489865
-0.2955491
-0.3008644
-0.2927065
-0.63286066
-0.9343885
-0.6333811
-1.929699
-2.3990586
-1.7581205
-0.31336498
0.07938287
-0.015764594
0.18858069
0.19348565
0.43661803
0.3881716
-0.28815567
-1.2491755
-0.24241954
0.254841
0.12144548
-0.07075149
-0.90913534
-0.37325102
-0.4602927
0.083541095
0.2955335
0.13111037
0.458948
0.3014234
0.27304766
-0.046657205
-0.5005647
-0.3859995
-0.5081916
-0.21172571
0.020561963
0.506196
0.11228797
0.5054255
0.8815242
1.278752
0.9920982
1.1953106
1.2904437
-0.2708469
0.65644646
0.52843857
0.69517887
0.45508778
0.16222176
0.4239237
0.24775264
-0.18717277
-0.36296773
0.29482418
-2.0781353
-1.6795456
-0.35781735
-0.16525137
0.19178605
0.4497685
0.56281334
-0.47431588
-2.3868537
-0.88021755
-1.6969123
-1.6778297
-0.4596432
0.34268266
0.57785517
0.30925995
0.06459972
-0.610571
-0.0165568
0.33408993
0.22941133
0.16906717
0.4247201
0.7498932
0.41119844
-0.23790932
0.26846784
-1.0754118
0.121049315
0.24570239
-0.10849011
-0.5937531
0.2766654
0.37606472
0.21147147
-0.6311375
-1.135915
0.71232915
0.9438746
-0.20588481
-0.40645492
0.23161468
0.58979493
0.8335422
0.4967242
-0.39353263
-0.3676585
-0.19535393
-0.1303845
-1.7107031
-0.3703758
-0.53385067
0.26502186
0.16737017
-0.5250381
-1.1633762
-0.26211077
0.45250532
0.47732154
0.43637007
0.98583204
1.130964
-0.31914264
0.35473672
-0.25777084
0.24844578
-0.4003684
0.87142044
0.41948304
-0.39069682
0.25956035
0.18658906
0.107777
0.34393162
-0.14061618
0.8280482
1.1000438
0.15611431
-0.528721
-0.7314348
-1.0371141
-0.67824817
-0.8180982
0.0064296126
-0.08845037
0.100098014
-0.015611172
0.0056780875
-0.6078627
0.17981333
0.16212407
-0.27821046
0.36535567
-0.049579978
0.5655273
0.15980339
0.7526634
-0.37620687
-0.60988986
-0.033067465
0.048025906
0.08249426
-0.3521058
-0.6061934
-0.21963269
0.23410258
0.37181622
0.7448234
0.7685938
0.31750524
0.73049533
0.87242764
1.1527479
0.6826688
0.86668265
-0.776641
0.10114676
-0.7955657
-0.23259014
0.15653324
0.34265935
-0.27753067
-0.60294044
-1.6230185
-0.5385461
-0.14112246
-0.25386983
0.017917782
0.20977747
-0.31264883
-0.2364518
-0.13512361
0.26235008
-0.23726708
0.48668897
0.2709657
1.1906763
1.2039664
1.19586
1.1135631
-0.14359736
-0.28536397
-0.3721668
0.037531316
-0.19643271
0.4780134
0.68603146
1.1765964
1.4088573
1.3561097
1.2139875
0.64525735
1.0588785
0.96253544
0.8436461
0.47529504
0.54457176
0.36646855
0.39321786
0.59423685
-0.49916852
-0.09533107
0.28957027
-0.36217648
-0.37151366
-0.5644332
-0.19434583
-0.5648453
-0.19878942
0.11757189
0.3439632
0.27239662
-0.08923817
-0.10205954
0.1777649
-0.35254598
-1.2725582
-1.4774218
-0.79564047
-0.6257261
-0.4812941
-0.24111414
-0.39549863
-0.41169697
-0.4360863
-0.3076051
-0.10508919
0.11395174
0.3832834
0.17597494
0.12863371
0.11212811
-0.17840075
-0.082018554
-0.5158516
0.39689428
0.59275407
0.51923186
0.6244646
0.57355154
0.32637554
0.486535
0.38039464
0.7083439
0.8738359
0.40247077
0.4756933
0.46263587
0.40020156
-0.2900365
-0.4049223
0.095654756
-0.48365122
-0.30332226
-0.14375502
-1.4078805
-1.0750469
-2.1887393
-2.089252
-2.1831338
-2.484383
-2.1558795
-0.7414434
0.062045366
0.14270678
0.40292057
0.3048007
0.35505784
0.60226387
0.659284
0.4105044
0.22412565
0.3420526
0.16263333
0.14671215
-0.29590887
-0.33586782
0.102695554
0.17628518
0.14839244
-0.7310786
-0.34301382
-0.09584403
0.34731543
0.30842188
0.32041794
0.42741963
0.31390178
0.16993013
0.41274604
0.43005943
0.0032674372
0.13539177
0.5789366
-0.40863013
0.062535346
-0.16921681
-0.041192174
-0.7557893
-0.2707445
-0.28620768
-0.67911255
-0.31083953
-1.1531394
-1.9156878
-0.99577904
-1.7976477
-1.2873542
-1.0656202
-2.4525037
-2.4089687
-2.5369987
-2.8594074
-1.8947177
-0.87373936
0.15551871
-1.4026626
-0.2589743
-1.7702663
-2.332697
-1.0325773
-2.2340338
-1.6250329
-1.0118606
-0.020011008
-0.3928342
-0.7912402
-0.8565334
-1.6592329
-1.6978893
-1.3563459
-0.745883
-0.9290503
-0.29742992
-0.002323091
-0.08365142
-0.07035506
0.25572354
0.48562586
0.57682914
0.12734881
0.075302005
0.018648952
-0.03073138
0.118816465
-0.20181584
-1.7308497
-1.9566481
-1.0753839
-0.2355361
-0.3476897
-0.1595825
0.31855327
0.24926195
0.36401594
0.47892988
0.27838302
-0.95866716
-1.3409454
-0.2721395
-0.042779386
-1.0379721
-0.8489964
-1.0778683
-2.083933
-2.2684722
-1.2809823
-1.3026004
-1.216985
-1.105044
-0.66545355
-0.0712114
0.18533766
-0.53365266
-0.7262404
-1.2323455
-0.8118143
-1.0420377
0.16344926
0.1209206
-0.89603436
0.14684182
-1.1283633
-0.1546557
0.46373343
-1.0279312
-1.0268018
-0.6330315
-0.12471604
-0.81351554
-1.7075949
-1.0391928
-0.60735273
-0.7560072
-0.95624447
-0.48016137
-1.3866582
-1.9750047
-2.6695452
-0.66946065
-0.06622201
0.26147503
0.72653174
0.0012638569
-1.1409885
-2.2151852
-2.3883076
-2.8968282
-1.4521976
-1.3819188
-1.070155
-1.2717634
-1.0449702
-1.8000576
-0.95022714
-2.077679
-1.2555221
-0.08188784
0.44213778
0.058452815
-0.08833557
0.2628403
-0.71317506
-0.22208464
-0.07280308
-0.41048425
-0.97284746
-1.2235978
-2.585185
-2.4947543
-2.600575
-2.422586
-2.0216546
-1.1649752
-0.8386334
-0.41006565
-1.0298382
-0.7445115
0.02099225
0.17420429
-1.203181
-1.7238238
-1.9036927
-2.4047208
-1.3213005
-1.7125971
-2.3387773
-1.7897375
-2.348668
-2.346514
-2.2750924
-1.9750805
-1.8502917
-1.9741945
-2.3093643
-2.067469
-1.7813103
-0.96632636
-0.61700654
-0.9027188
-1.8514752
-0.17833161
-0.11901444
-0.02842629
0.25692287
-0.15909487
0.39671642
0.67112243
0.025401354
0.4272586
0.93485796
0.75082684
0.9584705
1.2553595
1.2681231
0.8008816
0.93248177
-0.0519585
0.33736247
-0.21516877
0.4724686
-0.059940517
0.07665223
0.47436014
0.86422074
0.62712646
0.19556278
0.08392125
-0.7818023
-0.19367921
0.49251595
0.057274133
0.21760601
-0.05897844
0.32558838
0.7810072
0.6657251
0.7247112
0.782786
0.6635112
0.7464884
0.2785867
0.740944
0.77238184
0.69935614
-0.8759345
-1.1929904
-1.718895
-0.53420126
-0.92883575
-0.3455351
0.40267217
0.49929586
0.26490447
0.5283136
0.19058186
1.0938592
0.92606676
0.60063547
1.0837177
0.62889355
0.6226233
0.6927699
1.2137501
0.90767795
0.4913951
0.66940117
-0.46399474
0.1102286
0.65551186
0.6044805
0.41415772
0.41285923
0.32687885
0.39828426
0.34241498
0.3822057
0.35003865
0.8909921
1.0560222
-0.30581075
0.5405364
-1.0875503
-0.19165468
0.35932243
0.876693
0.7091001
0.97116697
0.79696155
0.11566231
0.40942037
1.1425033
1.2078853
0.69154155
-0.1777947
-0.89532185
-1.7643409
-2.1362255
-0.57721436
0.6967218
0.74593943
-0.8879609
-2.173546
-1.6645875
-0.309937
-0.3481323
-0.41197455
-0.22411913
-0.54625916
0.08128643
0.6050426
0.44538003
0.7139995
0.65261084
0.5544712
0.8555852
0.56123996
0.67746913
1.1224353
1.1798095
1.0343564
1.3417721
1.398176
1.3893199
0.09400183
0.17591012
0.3600343
-1.0170085
-1.9538283
-2.552503
-2.7073607
-0.8094783
0.40490946
0.8809663
0.92871857
1.014564
0.9037406
0.98844844
0.9350153
0.7751677
0.8786599
0.6882442
0.39771703
-0.019728541
-1.090092
-1.8450234
-1.9045947
-1.9184957
-1.0498099
-0.8689171
-0.72371316
-1.8466337
-0.91065216
0.06695852
0.3754593
0.8468234
0.620175
0.19760284
0.33770207
0.26934725
-0.081328034
0.1739318
0.60139865
0.7030053
0.86815166
0.3344515
-0.6072674
0.7689595
0.9759507
1.2578152
1.2931393
1.4891083
1.491781
1.4286563
1.3101556
1.4009199
1.4130911
1.4867476
1.3595543
1.6394325
1.4069188
1.5421084
1.5545982
1.7516116
1.3654804
1.4730065
1.5150898
1.6149179
1.2923591
1.5312476
1.4143379
1.3529497
1.3252172
1.3738694
1.4885995
1.5652968
1.6475265
1.3752189
1.6976619
1.2119961
0.9536495
-0.074128866
-1.7490194
-2.2567356
-1.8534954
-2.5262759
0.30073935
0.706178
0.8882821
0.5678513
0.7878442
0.96555066
0.70293874
0.8987775
0.17839274
0.21504933
-0.0028259754
0.110821754
0.43546212
-0.42413288
-0.5431644
0.016398132
0.8318271
0.9230157
0.3399254
0.49214208
0.53936654
0.9605931
1.0038108
1.1707323
1.3905039
0.53914094
1.1378014
1.3964854
1.3194531
1.1644834
0.8771033
0.8132381
0.85976243
0.9838831
1.0850201
0.9220866
1.117424
1.2657712
1.3704693
1.3038356
0.3599723
0.8080074
0.9601048
-1.4727262
-1.4015673
-1.1121312
-0.18977702
-0.6347989
0.37231475
0.5936586
0.28445905
0.8825213
1.0362455
1.0625651
1.3838733
1.460206
1.0908539
0.6337562
0.43970147
-0.8190104
-1.6983356
-2.3061113
-1.6734722
0.14471748
-2.2701309
-1.9324212
-0.64951694
-0.56335807
-1.6794834
-2.7008543
-1.6907821
-1.1218343
-0.5982542
0.14797774
0.19266304
-0.12267512
-0.6013789
-0.7392353
0.04645425
0.5199631
0.8363341
0.9377576
1.0532006
1.0761912
1.0215932
1.1362643
0.29799956
0.57261455
-0.34560335
0.2815739
0.4718405
0.36973578
0.48791495
1.07338
0.9493789
0.35126787
1.1078222
0.89418876
0.85782826
0.1893551
0.28517884
0.16595724
0.19258082
0.06329733
-1.0728511
-0.82678115
-1.7911115
-2.3382738
-0.9941517
-0.68136895
-0.71166265
-2.227713
-0.60058665
-1.0523636
-1.9523187
-0.18263823
0.06021157
-0.18974173
-0.060185492
-0.7109412
-0.6564586
0.24585417
-0.77200377
-1.1010433
-1.9119387
-1.3295884
-1.7004383
-0.3364265
-2.461998
-0.70157516
-1.8761315
-1.7934577
-0.012409866
0.88501835
1.3028038
1.3836855
1.2003214
0.76325727
-0.39780384
-1.1598636
-0.55060315
0.29467085
0.6839885
0.7974384
-1.4407076
-0.30572933
0.48666483
0.65448177
1.0943923
0.96957576
1.0746316
1.1102728
0.88386726
1.1391102
0.9879385
0.72647333
0.84063804
0.86978865
-0.57086277
-0.28121406
0.2761259
0.90955204
0.35511357
-0.66454315
-2.7422662
-0.85742795
0.13137326
-0.42381257
0.87194467
1.127175
0.744961
0.22594929
0.1786964
0.08695161
-0.59665036
0.1982306
0.7669708
0.8591152
0.6324351
0.81005
0.65326166
0.9227488
0.47063342
-0.93366003
-0.2347681
-1.2348645
-2.2759237
-2.4387429
-0.8889713
-2.2015371
-0.43147844
0.6478154
0.98447174
0.85335
0.45342663
0.8356868
-0.36640275
0.66687423
0.8208045
0.47416824
-1.1687971
-0.32224387
0.38262337
-0.11163747
-2.6899483
-0.6406603
-1.6738291
-0.3005374
0.66572815
1.22235
1.1877134
0.88662267
-1.5041099
-0.36326468
0.79889905
0.21722126
-2.0690947
-0.13110536
-0.29084092
-1.1047893
0.27326655
0.4198601
-1.9413962
-1.6308677
-2.5534258
-2.504565
-0.89868116
-0.80429983
-0.536499
-0.28057623
-0.43899786
-0.3180117
-0.38105685
0.20274827
-0.47824615
0.30864516
0.24444976
0.7217039
0.7523633
0.30110657
-0.31228393
0.256611
-0.45158082
-1.5263956
-0.06483132
-0.40666604
-0.49779844
-0.015295684
-0.81204057
-0.36484104
0.254568
0.9064237
1.0513207
1.0366881
1.0066707
1.0338385
0.2735054
0.11248019
0.21751553
-0.30953616
-0.13822931
0.15859604
0.29882818
0.17475954
-0.3769186
-0.099805
-1.8972094
-2.5944762
-2.4140956
-2.6720238
-2.4511716
